vec4 queryNetwork(vec3 p){
    vec4 PE_0 = vec4(p.x,p.y,p.z,sin(1.00*p.x));
    vec4 PE_1 = vec4(sin(1.00*p.y),sin(1.00*p.z),sin(2.00*p.x),sin(2.00*p.y));
    vec4 PE_2 = vec4(sin(2.00*p.z),sin(4.00*p.x),sin(4.00*p.y),sin(4.00*p.z));
    vec4 PE_3 = vec4(sin(8.00*p.x),sin(8.00*p.y),sin(8.00*p.z),sin(16.00*p.x));
    vec4 PE_4 = vec4(sin(16.00*p.y),sin(16.00*p.z),sin(32.00*p.x),sin(32.00*p.y));
    vec4 PE_5 = vec4(sin(32.00*p.z),sin(64.00*p.x),sin(64.00*p.y),sin(64.00*p.z));
    vec4 PE_6 = vec4(sin(128.00*p.x),sin(128.00*p.y),sin(128.00*p.z),sin(256.00*p.x));
    vec4 PE_7 = vec4(sin(256.00*p.y),sin(256.00*p.z),sin(512.00*p.x),sin(512.00*p.y));
    vec4 PE_8 = vec4(sin(512.00*p.z),sin(1024.00*p.x),sin(1024.00*p.y),sin(1024.00*p.z));
    vec4 PE_9 = vec4(sin(2048.00*p.x),sin(2048.00*p.y),sin(2048.00*p.z),sin(4096.00*p.x));
    vec4 PE_10 = vec4(sin(4096.00*p.y),sin(4096.00*p.z),sin(8192.00*p.x),sin(8192.00*p.y));
    vec4 PE_11 = vec4(sin(8192.00*p.z),sin(16384.00*p.x),sin(16384.00*p.y),sin(16384.00*p.z));
    vec4 PE_12 = vec4(cos(1.00*p.x),cos(1.00*p.y),cos(1.00*p.z),cos(2.00*p.x));
    vec4 PE_13 = vec4(cos(2.00*p.y),cos(2.00*p.z),cos(4.00*p.x),cos(4.00*p.y));
    vec4 PE_14 = vec4(cos(4.00*p.z),cos(8.00*p.x),cos(8.00*p.y),cos(8.00*p.z));
    vec4 PE_15 = vec4(cos(16.00*p.x),cos(16.00*p.y),cos(16.00*p.z),cos(32.00*p.x));
    vec4 PE_16 = vec4(cos(32.00*p.y),cos(32.00*p.z),cos(64.00*p.x),cos(64.00*p.y));
    vec4 PE_17 = vec4(cos(64.00*p.z),cos(128.00*p.x),cos(128.00*p.y),cos(128.00*p.z));
    vec4 PE_18 = vec4(cos(256.00*p.x),cos(256.00*p.y),cos(256.00*p.z),cos(512.00*p.x));
    vec4 PE_19 = vec4(cos(512.00*p.y),cos(512.00*p.z),cos(1024.00*p.x),cos(1024.00*p.y));
    vec4 PE_20 = vec4(cos(1024.00*p.z),cos(2048.00*p.x),cos(2048.00*p.y),cos(2048.00*p.z));
    vec4 PE_21 = vec4(cos(4096.00*p.x),cos(4096.00*p.y),cos(4096.00*p.z),cos(8192.00*p.x));
    vec4 PE_22 = vec4(cos(8192.00*p.y),cos(8192.00*p.z),cos(16384.00*p.x),cos(16384.00*p.y));
    vec4 PE_23 = vec4(cos(16384.00*p.z),0.0,0.0,0.0);
    
    vec4 f0_0 = relu(
    mat4(.56,-.31,-.19,-.01,-.14,-.34,-.19,-.28,.34,-.15,.04,.11,.25,-.16,-.10,.01) * PE_0 +
    mat4(-.12,-.20,-.20,.03,.14,-.18,.11,.16,-.18,.05,-.06,.10,-.05,-.10,-.36,.43) * PE_1 +
    mat4(.24,.10,.05,-.06,-.34,.02,.11,-.07,-.17,-.36,-.61,.56,-.33,.33,.58,-.46) * PE_2 +
    mat4(.20,-.10,.22,.13,-.11,.22,-.20,.37,-.20,-.04,.12,-.30,.01,-.11,.11,.08) * PE_3 +
    mat4(-.10,-.23,.00,-.09,-.25,.14,-.07,-.11,-.10,.04,.08,-.03,-.20,-.06,-.01,-.00) * PE_4 +
    mat4(.20,-.04,.03,-.09,-.03,.03,-.02,-.01,-.03,-.01,-.03,.00,.01,-.00,-.01,.00) * PE_5 +
    mat4(.00,-.02,-.00,-.01,-.01,-.01,.00,-.00,.00,-.00,-.01,-.02,.01,.01,.01,-.00) * PE_6 +
    mat4(-.00,-.00,.00,-.01,-.00,-.00,-.00,.00,-.01,-.00,-.01,.00,.02,.01,-.00,-.01) * PE_7 +
    mat4(.00,.01,.00,.00,.01,.01,.00,-.00,-.00,-.00,-.00,-.00,-.00,.01,-.01,.00) * PE_8 +
    mat4(-.00,.00,-.00,-.00,.02,-.00,.01,-.00,-.01,.00,-.00,-.01,-.01,-.00,-.00,-.00) * PE_9 +
    mat4(.00,-.00,-.00,.00,.00,-.00,-.01,-.00,.01,.01,-.00,-.00,-.00,-.01,-.00,.00) * PE_10 +
    mat4(-.00,-.00,.01,.01,-.01,.00,-.01,-.00,-.00,-.01,.00,.00,.00,-.00,.00,.01) * PE_11 +
    mat4(-.08,.08,-.14,-.16,-.15,-.38,-.13,-.05,-.03,-.13,-.11,-.07,-.29,.05,-.23,-.19) * PE_12 +
    mat4(-.23,-.93,.12,-.18,-.74,-.01,-.13,-.10,-.21,.52,-.18,.34,.84,-.11,-.26,.27) * PE_13 +
    mat4(-.20,.91,.41,.13,.35,-.14,-.50,-.42,-.20,-.08,-.59,.27,-.05,.14,.11,.17) * PE_14 +
    mat4(.14,.09,-.24,-.08,-.04,-.04,.20,-.15,-.05,-.06,.05,-.05,.08,.15,-.37,-.10) * PE_15 +
    mat4(-.10,.07,-.10,-.00,-.19,.07,.05,.01,-.04,-.03,.06,.02,-.02,.03,.02,-.00) * PE_16 +
    mat4(-.03,.07,-.01,-.09,.01,-.00,-.03,-.00,.01,-.01,.00,-.00,.03,-.00,.00,-.01) * PE_17 +
    mat4(.00,-.00,-.01,.00,.02,.00,.00,-.00,-.00,-.00,-.00,.01,-.00,.01,-.00,.01) * PE_18 +
    mat4(.00,.00,-.01,.00,-.00,.00,.00,.00,-.00,-.00,.00,.00,-.00,.00,.01,-.01) * PE_19 +
    mat4(-.00,.00,.00,-.01,-.00,-.01,.00,.01,.00,.00,-.01,-.00,.00,.01,.00,.01) * PE_20 +
    mat4(.01,.00,-.00,-.00,-.00,.00,-.00,.00,-.01,-.00,-.01,.00,.00,-.00,.01,-.00) * PE_21 +
    mat4(-.00,-.01,.00,.00,-.00,-.01,.01,-.00,.00,.00,.00,.00,-.00,-.00,-.00,.00) * PE_22 +
    mat4(-.00,-.00,-.00,-.01,.00,.00,.00,.00,.00,.00,.00,.00,.00,.00,.00,.00) * PE_23 + vec4(.04,-.09,-.16,.14));
    vec4 f0_1 = relu(
    mat4(-.12,-.32,.06,.13,.00,.11,.40,-.07,.15,.04,-.52,.08,-.01,-.40,.01,.18) * PE_0 +
    mat4(-.07,.15,.06,-.04,.11,-.02,-.47,.18,-.03,-.46,-.04,.31,.03,.19,-.29,-.10) * PE_1 +
    mat4(.13,.15,-.36,.21,.02,-.43,.03,.31,-.08,-.44,-.05,-.30,.14,.32,-.21,.28) * PE_2 +
    mat4(.13,.02,.10,-.17,.04,.17,-.14,.31,-.15,.16,-.13,.23,-.03,.40,-.13,.13) * PE_3 +
    mat4(-.20,-.16,.08,-.10,.45,-.24,-.50,-.11,-.16,.33,.08,-.30,-.12,-.07,-.02,-.01) * PE_4 +
    mat4(.09,.04,.03,.08,.07,-.16,.03,.16,.05,.03,-.01,-.00,-.00,.02,.01,-.00) * PE_5 +
    mat4(-.02,.02,.00,-.00,-.01,.01,.01,-.03,-.01,-.01,.01,-.02,.00,-.00,.01,-.00) * PE_6 +
    mat4(.00,-.01,-.01,-.00,-.02,.01,-.01,-.00,-.02,.01,.00,.00,-.01,.01,.01,.01) * PE_7 +
    mat4(-.00,-.01,.00,.01,-.00,.00,-.00,.00,-.01,.02,.00,.00,-.00,-.01,-.00,.01) * PE_8 +
    mat4(-.01,.00,.01,-.00,.01,-.00,-.00,.00,.01,-.00,-.00,.00,-.01,-.01,.00,.01) * PE_9 +
    mat4(.00,.02,.00,-.00,-.01,-.00,.00,-.01,.01,-.01,.01,-.01,.00,-.01,-.01,.01) * PE_10 +
    mat4(.01,-.02,-.01,-.00,.00,.01,-.01,-.01,.01,.01,-.00,.00,-.01,.00,-.01,.00) * PE_11 +
    mat4(.12,.02,.01,-.12,.14,.17,-.15,-.09,-.07,.03,.05,-.22,.13,.17,-.21,-.03) * PE_12 +
    mat4(-.05,.26,.27,.31,.03,.29,-.11,-.19,.15,.08,.22,.21,-.27,-.05,-.28,-.49) * PE_13 +
    mat4(-.17,.08,.12,-.37,-.18,.06,-.16,.05,-.38,-.12,.12,.23,-.46,.42,.23,.38) * PE_14 +
    mat4(-.15,.16,-.04,-.23,-.55,-.02,.03,.21,.17,-.08,-.09,-.29,-.17,-.06,-.02,.04) * PE_15 +
    mat4(.00,.07,.03,-.19,.06,-.19,.06,-.29,.02,-.04,-.05,-.10,.06,.00,-.01,.04) * PE_16 +
    mat4(-.13,-.06,.05,-.07,.02,-.00,-.00,.00,.00,-.01,-.00,.00,.01,.02,.00,.02) * PE_17 +
    mat4(.00,.01,-.02,-.00,.02,-.01,.00,.01,.01,-.02,-.00,-.01,.01,.00,-.01,-.01) * PE_18 +
    mat4(-.00,-.01,.00,.01,.01,.00,-.01,-.00,.00,-.01,.00,-.01,.00,-.01,.00,-.00) * PE_19 +
    mat4(-.00,-.00,.01,.00,-.01,.01,.01,.00,.01,.00,-.00,-.00,.00,.00,.01,.00) * PE_20 +
    mat4(.01,.00,-.00,-.00,-.00,.00,.00,.01,.01,-.01,-.00,.00,-.00,-.00,.01,.01) * PE_21 +
    mat4(.01,.01,.01,.00,-.01,-.00,-.01,-.01,.01,.00,-.01,-.00,.00,-.00,.00,.00) * PE_22 +
    mat4(-.01,.01,-.01,-.00,.00,.00,.00,.00,.00,.00,.00,.00,.00,.00,.00,.00) * PE_23 + vec4(-.02,.04,.03,-.09));
    vec4 f0_2 = relu(
    mat4(.03,-.01,-.33,.62,-.24,.17,-.27,-.34,.04,.10,-.18,.10,-.01,-.04,-.18,.50) * PE_0 +
    mat4(-.19,.26,-.05,-.09,.08,-.00,-.10,.20,.13,.03,.17,.24,-.12,.11,.07,-.18) * PE_1 +
    mat4(.11,.15,-.13,.17,.35,-.03,-.02,.01,1.29,-.54,-.10,.00,.32,-.08,-.12,.30) * PE_2 +
    mat4(-.22,.03,.04,-.18,.65,.32,-.13,.37,.27,.06,.22,-.18,.27,-.36,-.04,.38) * PE_3 +
    mat4(-.26,-.24,.39,-.24,.06,-.41,-.03,.11,.05,-.25,-.10,.21,-.15,-.24,-.14,-.09) * PE_4 +
    mat4(-.00,.11,-.01,-.03,.03,-.04,.08,.00,.03,-.06,.02,-.04,-.02,.17,-.01,-.06) * PE_5 +
    mat4(.01,-.01,-.00,.02,-.01,.00,-.02,.02,-.02,.01,.01,.03,.00,.02,-.01,.00) * PE_6 +
    mat4(.02,.00,-.00,.01,.02,.00,-.00,-.01,-.01,.00,.00,-.00,.01,-.01,-.00,.01) * PE_7 +
    mat4(-.01,-.01,-.01,-.02,.01,-.01,.01,-.01,.00,.01,.01,-.01,.01,.01,.01,-.01) * PE_8 +
    mat4(.00,-.01,.01,-.00,-.01,.00,-.00,.00,-.01,.01,-.01,.01,-.01,.00,-.00,-.00) * PE_9 +
    mat4(-.00,.00,.01,-.01,-.00,.01,.00,.00,.01,-.01,-.00,.00,-.00,.01,.00,-.00) * PE_10 +
    mat4(.00,-.00,.01,-.00,-.02,-.01,.01,-.01,-.00,-.00,-.00,-.00,.00,-.01,.00,-.01) * PE_11 +
    mat4(-.17,.06,-.27,-.11,-.27,.03,-.11,-.26,-.28,.01,-.04,-.05,-.06,.23,-.25,-.10) * PE_12 +
    mat4(-.10,.16,-.07,-.34,-.43,.06,-.27,-.04,.19,.36,.47,.13,-.01,.00,.39,-.03) * PE_13 +
    mat4(-.21,-.08,.72,.27,-.06,.05,-.65,.06,.06,.16,-.18,.09,.57,.17,.05,-.24) * PE_14 +
    mat4(-.21,.39,-.36,-.21,.04,.13,.08,-.28,.25,.27,-.10,.03,.01,-.16,.27,.07) * PE_15 +
    mat4(-.11,.22,.21,-.07,-.20,.13,-.07,-.11,.06,.06,-.06,-.00,.03,-.06,.02,-.03) * PE_16 +
    mat4(-.04,.08,-.03,-.04,-.01,-.00,-.00,.01,-.00,.02,.00,.00,-.00,.01,.01,-.00) * PE_17 +
    mat4(.01,-.01,-.00,-.00,-.01,-.01,.01,-.00,.00,.02,-.00,-.00,-.01,-.00,-.01,.01) * PE_18 +
    mat4(-.00,.01,-.01,-.01,-.00,-.01,.00,-.01,.00,-.00,-.00,.00,.00,.01,.01,-.00) * PE_19 +
    mat4(.00,.01,-.00,-.01,-.00,-.01,.01,-.01,-.01,.01,.00,-.01,.01,-.01,.01,-.02) * PE_20 +
    mat4(.00,-.00,-.00,.00,.01,.00,-.01,.01,-.01,.01,-.00,.00,-.01,-.00,.01,.01) * PE_21 +
    mat4(-.00,.00,-.00,.00,-.00,.00,.00,-.01,-.01,.00,.00,.00,.01,-.00,.01,-.00) * PE_22 +
    mat4(.00,.00,-.01,-.00,.00,.00,.00,.00,.00,.00,.00,.00,.00,.00,.00,.00) * PE_23 + vec4(-.11,.03,-.17,-.04));
    vec4 f0_3 = relu(
    mat4(-.51,.05,-.08,.01,-.30,-.14,-.10,-.38,-.38,.04,-.00,.01,-.40,.05,-.13,-.04) * PE_0 +
    mat4(-.15,.02,.06,-.34,-.30,-.02,-.11,-.05,-.05,.08,-.11,.06,.04,-.18,.04,-.23) * PE_1 +
    mat4(-.04,-.06,-.03,.09,.37,.14,.29,-.01,-.12,-.48,.11,-.28,.56,-.17,-.07,.27) * PE_2 +
    mat4(-.08,.36,-.25,.12,.19,-.01,-.03,-.11,-.04,-.24,.29,-.05,.05,-.34,-.02,.01) * PE_3 +
    mat4(.02,-.10,-.10,.53,.17,.33,.20,-.13,.01,.22,-.16,-.04,.01,-.05,-.03,.04) * PE_4 +
    mat4(-.06,-.12,-.26,-.04,.03,.13,.03,.01,.01,-.07,-.01,-.04,.03,.11,.05,-.02) * PE_5 +
    mat4(.01,.03,.02,-.02,.00,-.01,.00,.00,.01,-.01,-.02,.01,-.01,-.01,-.01,-.01) * PE_6 +
    mat4(-.01,.01,-.00,-.02,.01,-.01,.01,-.01,.01,.01,.00,.00,.00,-.00,.00,.02) * PE_7 +
    mat4(-.00,.01,-.01,-.01,.00,.01,.00,-.01,.00,.00,-.00,-.00,.00,.00,.00,.00) * PE_8 +
    mat4(-.01,-.00,.01,.00,-.00,.00,.00,.00,.00,-.01,-.00,.00,.00,-.00,-.00,-.00) * PE_9 +
    mat4(-.00,-.00,-.01,-.01,.00,.00,.00,.01,.01,.00,.01,.00,-.00,-.01,.00,.00) * PE_10 +
    mat4(.00,-.00,.00,.00,.00,-.00,-.01,-.01,-.00,-.00,.00,.01,-.00,-.01,-.00,.01) * PE_11 +
    mat4(.06,.07,-.13,.01,-.09,.18,-.05,-.18,-.02,.11,-.13,-.18,-.24,.11,-.38,-.04) * PE_12 +
    mat4(-.05,.14,.17,.12,-.15,.08,-.14,-.43,-.41,-.02,-.43,.20,-.13,-.09,.17,.54) * PE_13 +
    mat4(-.39,-.04,.07,.21,.10,-.11,-.07,.36,-.02,-.11,-.02,.46,-.39,-.43,-.13,-.36) * PE_14 +
    mat4(.28,-.01,.19,-.04,.05,.13,-.01,-.15,-.06,.30,-.33,-.31,-.05,.19,.54,.40) * PE_15 +
    mat4(.06,.07,.04,-.15,.16,.10,-.14,-.01,-.03,-.18,-.02,-.11,.02,-.03,.01,-.04) * PE_16 +
    mat4(.02,-.02,.13,.04,-.01,.00,-.01,.02,-.00,.00,.00,-.00,.02,-.03,.03,.03) * PE_17 +
    mat4(.00,.01,.00,-.00,-.01,-.01,.00,.00,-.01,.02,-.00,-.00,.02,.01,.00,.01) * PE_18 +
    mat4(-.00,.00,.00,.01,-.00,.01,-.01,-.00,-.00,-.00,-.00,.00,.00,-.00,-.01,.00) * PE_19 +
    mat4(-.01,.00,-.00,-.00,.00,.00,.01,.00,-.00,.00,.00,-.00,.01,-.00,-.00,-.01) * PE_20 +
    mat4(-.00,.00,.00,.00,-.01,-.00,-.00,.01,-.01,.00,-.00,.00,-.00,-.00,.00,-.01) * PE_21 +
    mat4(-.00,.01,-.00,-.01,-.00,-.01,.00,.01,.01,-.00,-.01,.01,.00,-.00,.00,.00) * PE_22 +
    mat4(.01,-.01,.01,-.00,.00,.00,.00,.00,.00,.00,.00,.00,.00,.00,.00,.00) * PE_23 + vec4(.12,-.07,-.03,-.09));
    vec4 f0_4 = relu(
    mat4(-.29,-.19,-.02,-.24,.11,.10,-.14,-.27,-.47,.29,.02,.30,-.19,-.14,.02,-.07) * PE_0 +
    mat4(.22,.09,-.25,.03,-.35,.19,.11,.29,-.09,.00,.03,.08,.03,.08,-.27,.21) * PE_1 +
    mat4(-.22,.15,-.14,.26,.03,.13,.01,-.08,.11,.60,-.31,.67,-.32,.01,-.43,.20) * PE_2 +
    mat4(-.29,-.02,-.00,.14,-.21,.74,-.13,.40,.33,-.13,-.26,-.08,.07,-.11,-.10,-.12) * PE_3 +
    mat4(.08,-.49,.21,-.26,-.08,-.47,.05,.64,.08,-.07,.19,.01,.05,-.19,-.09,-.27) * PE_4 +
    mat4(-.06,-.15,.11,.13,-.07,-.04,-.03,.02,.00,-.02,-.06,.02,-.04,.03,-.01,-.07) * PE_5 +
    mat4(-.00,-.01,.04,-.01,-.02,-.00,.01,-.00,.00,.01,.02,.01,-.01,.02,-.02,.01) * PE_6 +
    mat4(-.01,-.00,.01,.01,.00,-.00,-.00,.00,-.01,-.00,-.01,-.01,-.00,-.01,-.00,-.00) * PE_7 +
    mat4(.00,.00,-.01,-.01,.00,-.00,-.01,-.00,.00,-.00,.00,-.01,.00,-.01,.01,-.00) * PE_8 +
    mat4(-.01,.00,.00,-.01,.01,-.00,-.00,.01,.00,.01,.01,-.00,.01,-.00,.00,.01) * PE_9 +
    mat4(.00,.00,-.00,.00,-.00,-.00,-.00,.01,-.00,.00,.01,.00,-.01,-.00,.00,-.01) * PE_10 +
    mat4(.00,-.00,.01,-.02,.01,-.00,.01,-.00,.01,-.00,.01,.00,.00,-.01,-.01,.00) * PE_11 +
    mat4(-.08,.07,-.05,.05,-.24,.02,-.03,-.10,-.13,-.12,.07,.04,.14,.04,.04,-.12) * PE_12 +
    mat4(.00,-.49,-.04,-.55,-.07,-.58,-.11,-.22,.33,-.02,-.43,-.31,.23,.00,.01,.22) * PE_13 +
    mat4(-.28,-.39,-.35,-.24,-.43,-.35,-.38,.24,.13,.58,.28,-.13,.12,-.15,-.49,-.26) * PE_14 +
    mat4(.01,-.43,-.18,-.12,.14,-.05,-.29,-.10,-.24,-.38,.50,.35,.12,-.05,.41,.04) * PE_15 +
    mat4(.03,.12,.16,.18,-.11,.02,-.16,.35,-.07,-.02,-.05,-.05,.03,-.02,.04,.03) * PE_16 +
    mat4(-.04,-.04,-.01,.03,.01,-.03,-.00,.01,.00,.01,-.01,.01,.00,.00,.01,.02) * PE_17 +
    mat4(-.01,-.00,-.01,.01,-.01,-.02,.01,.00,-.00,.00,.01,-.01,-.00,.00,.00,.01) * PE_18 +
    mat4(-.00,-.00,-.00,.02,-.00,-.00,.00,.01,.01,.01,-.00,-.01,.00,.00,-.01,-.00) * PE_19 +
    mat4(-.00,-.00,-.00,.01,.00,-.01,.01,-.01,-.01,.01,.00,.00,.00,.00,-.00,.00) * PE_20 +
    mat4(-.00,.01,-.01,-.00,.01,.01,-.00,.00,-.01,-.00,.00,.01,.01,.00,-.01,-.01) * PE_21 +
    mat4(-.00,-.01,-.01,-.01,-.00,.00,-.00,-.01,.00,-.01,-.01,-.01,-.00,.01,-.00,-.00) * PE_22 +
    mat4(-.00,.00,.00,.00,.00,.00,.00,.00,.00,.00,.00,.00,.00,.00,.00,.00) * PE_23 + vec4(.08,-.06,.03,.06));
    vec4 f0_5 = relu(
    mat4(.57,-.20,-.46,-.02,-.34,.07,-.02,-.17,-.29,-.09,-.08,.03,.29,-.00,-.38,.12) * PE_0 +
    mat4(-.32,.06,-.17,-.21,-.35,-.17,-.03,.18,.09,.11,-.31,.14,-.12,.22,-.17,-.16) * PE_1 +
    mat4(-.15,-.21,.13,.16,-.15,-.03,-.08,.12,-.18,-.01,-.24,.23,.63,-.42,.28,-.08) * PE_2 +
    mat4(-.18,.10,.29,-.14,.38,-.09,.02,.34,.15,.61,.45,.02,.03,-.04,-.10,.17) * PE_3 +
    mat4(.06,.28,.23,.14,-.09,-.24,-.23,-.06,.13,.01,.09,.31,-.01,-.00,.09,.06) * PE_4 +
    mat4(.01,.03,-.10,.06,-.02,.02,-.00,-.09,.01,-.03,-.04,.05,.02,.01,.03,-.04) * PE_5 +
    mat4(.01,-.02,.00,.03,-.01,.01,.01,.00,.01,-.05,-.02,.03,.00,.01,-.01,.01) * PE_6 +
    mat4(-.00,-.01,-.00,.01,-.00,.02,.01,.00,-.00,.01,-.00,.00,-.00,.00,.01,.01) * PE_7 +
    mat4(.00,.01,.01,-.00,-.00,-.01,-.00,-.00,-.00,.01,.00,-.00,-.00,-.00,-.01,.01) * PE_8 +
    mat4(.00,.00,-.00,.00,.00,.00,.00,-.01,-.00,.01,-.01,.01,-.01,-.00,-.00,.00) * PE_9 +
    mat4(-.00,-.00,.01,-.01,.00,-.01,-.01,.01,-.00,.01,-.00,.01,-.01,.00,-.00,-.00) * PE_10 +
    mat4(-.01,-.01,-.00,-.01,.00,.00,-.00,-.00,.00,-.01,.01,.00,.00,-.00,.00,.00) * PE_11 +
    mat4(-.02,.09,-.09,.11,.04,.13,-.10,.02,.17,.08,-.12,.04,-.11,-.22,-.11,.08) * PE_12 +
    mat4(-.18,.06,.24,.10,.24,-.11,-.18,.09,-.38,-.46,-.29,.13,-.22,.31,.05,-.05) * PE_13 +
    mat4(.33,-.44,.02,-.06,-.10,.42,.58,.50,-.19,.55,-.17,-.09,.09,.06,.05,.10) * PE_14 +
    mat4(.10,-.02,-.31,-.21,.08,.01,.23,.13,-.17,.01,.11,.09,-.07,-.21,.05,.15) * PE_15 +
    mat4(.09,.09,.01,-.04,.09,-.02,-.13,.07,.02,.06,-.10,-.10,-.03,.00,-.01,-.00) * PE_16 +
    mat4(-.03,.07,.01,-.21,.01,-.01,.00,-.03,-.01,.00,.00,-.02,.00,-.02,.01,.03) * PE_17 +
    mat4(-.00,-.01,.00,-.00,.00,-.00,.00,.01,-.00,.01,.01,-.02,-.01,.00,-.00,.00) * PE_18 +
    mat4(-.01,.01,-.01,-.01,.00,.00,-.00,-.00,.00,.01,.00,-.01,.00,.01,.00,.01) * PE_19 +
    mat4(.01,-.00,.00,.00,-.00,.01,-.01,-.00,-.00,.01,.00,-.00,.00,.01,-.00,.00) * PE_20 +
    mat4(.00,.01,.00,.01,.00,-.01,.00,-.00,-.01,-.00,-.00,.01,.00,.01,-.01,-.00) * PE_21 +
    mat4(.01,-.00,-.01,.02,-.00,-.01,-.00,.00,-.00,.00,-.01,.00,.01,.01,.00,-.00) * PE_22 +
    mat4(-.00,-.01,-.01,.01,.00,.00,.00,.00,.00,.00,.00,.00,.00,.00,.00,.00) * PE_23 + vec4(.01,.19,-.00,-.01));
    vec4 f0_6 = relu(
    mat4(.11,.20,.18,.09,-.17,.04,-.28,.00,.05,.11,-.23,.17,.05,.20,.15,.06) * PE_0 +
    mat4(-.19,.17,-.27,-.01,.06,.16,-.22,.10,-.02,-.07,.02,.04,-.14,.17,-.03,.08) * PE_1 +
    mat4(-.09,.32,-.03,.23,-.02,-.23,.03,.11,.19,-.26,-.02,.44,-.27,.47,-.08,.03) * PE_2 +
    mat4(.02,.13,-.10,-.08,.18,-.05,.45,-.10,-.03,.43,-.55,.12,.02,-.05,.07,.00) * PE_3 +
    mat4(-.23,.14,-.10,-.06,.36,-.17,-.34,-.40,.18,-.03,-.01,-.15,-.02,.10,.01,-.03) * PE_4 +
    mat4(-.02,.02,.32,-.14,-.02,.01,.03,-.05,-.05,-.01,-.01,-.02,-.01,.00,.08,-.17) * PE_5 +
    mat4(-.02,.00,-.01,.02,.01,.00,-.00,-.00,-.01,.01,.01,.03,-.01,-.00,.00,.01) * PE_6 +
    mat4(-.01,.00,-.00,-.00,-.01,.00,.00,-.02,-.00,.01,-.00,.00,.00,.00,-.01,-.00) * PE_7 +
    mat4(.01,.00,.00,-.00,-.00,-.00,.01,-.00,-.00,-.00,.00,.00,-.01,.00,-.00,.00) * PE_8 +
    mat4(-.01,-.01,-.01,-.01,.00,.00,-.01,.01,-.01,.00,.00,-.01,.00,-.00,.00,.00) * PE_9 +
    mat4(.00,-.00,.01,.01,-.00,.01,.00,.00,-.00,.00,-.00,-.01,.00,.00,-.01,.01) * PE_10 +
    mat4(-.01,.01,.01,-.01,.00,.01,.00,-.00,-.00,-.00,-.00,.00,.00,.00,-.01,-.00) * PE_11 +
    mat4(.06,-.12,-.11,.14,-.10,.24,-.03,.07,.04,.13,-.01,-.01,-.09,-.41,-.14,-.02) * PE_12 +
    mat4(.19,.23,.06,.44,-.14,.02,-.28,.16,-.26,-1.36,.14,.10,-.12,-.15,.74,.02) * PE_13 +
    mat4(-.39,-.35,-.35,.05,-.37,.03,.40,.77,-.04,-.24,-.31,.61,.42,-.06,.21,.10) * PE_14 +
    mat4(-.14,.15,-.12,-.22,.14,.06,.46,.01,.12,.22,.07,-.11,-.23,.04,-.00,.37) * PE_15 +
    mat4(-.10,-.06,.04,.00,.02,-.10,.16,.02,.13,.03,-.04,-.02,.03,.02,.04,.04) * PE_16 +
    mat4(-.02,.05,.04,-.02,-.01,.00,-.01,.00,.00,.00,-.01,-.00,.00,.00,-.05,.00) * PE_17 +
    mat4(.00,-.00,-.00,.01,.02,-.00,-.01,.01,-.00,-.00,-.01,-.00,-.01,.00,.00,.01) * PE_18 +
    mat4(-.00,.00,-.00,.01,-.00,-.00,-.00,-.01,.00,.00,.00,.00,-.00,-.00,-.00,-.00) * PE_19 +
    mat4(.00,.00,.00,.00,-.00,.00,.00,.00,-.00,-.00,-.01,.00,-.00,.00,-.00,.00) * PE_20 +
    mat4(-.00,.00,.01,-.01,-.00,.00,-.00,.00,.01,.00,.00,-.01,.00,-.00,.02,-.01) * PE_21 +
    mat4(-.00,-.00,-.01,-.00,-.00,-.00,-.00,.00,.00,.00,.00,-.00,.01,.00,-.00,-.01) * PE_22 +
    mat4(-.00,.00,.00,.01,.00,.00,.00,.00,.00,.00,.00,.00,.00,.00,.00,.00) * PE_23 + vec4(.07,.21,-.14,.06));
    vec4 f0_7 = relu(
    mat4(.10,.01,-.03,.18,.26,-.06,.01,.02,-.67,-.19,-.02,.21,.23,.02,-.07,.07) * PE_0 +
    mat4(-.08,.08,.03,-.09,-.61,-.08,-.02,.10,.39,-.08,-.03,.18,-.17,.14,-.02,.10) * PE_1 +
    mat4(-.47,-.02,.04,.24,.34,.03,.19,.12,.08,-.16,-.14,.10,.07,.10,-.25,.06) * PE_2 +
    mat4(.16,.01,.08,-.07,.18,-.04,.35,.06,.53,.21,-.23,.03,.28,.02,.19,-.01) * PE_3 +
    mat4(-.03,.18,.22,.23,-.14,-.58,.55,-.34,-.48,.01,-.02,.23,.05,.06,.10,.14) * PE_4 +
    mat4(-.03,-.12,.11,-.20,-.11,-.01,-.10,.15,-.02,.03,.06,-.02,-.15,.03,.00,-.15) * PE_5 +
    mat4(-.02,-.01,.00,-.02,.02,.01,-.01,-.02,.01,-.02,-.02,-.03,-.01,.01,.01,-.01) * PE_6 +
    mat4(-.01,-.01,-.02,.01,.00,.01,-.01,.03,.00,-.01,.00,.00,-.00,.01,-.01,.00) * PE_7 +
    mat4(.00,-.00,-.00,.00,-.00,-.00,.00,-.00,.00,-.00,.00,.00,.00,-.01,-.00,-.01) * PE_8 +
    mat4(.00,.00,-.00,-.00,-.00,-.00,-.00,.00,.00,-.01,-.00,.00,.00,-.00,-.01,-.00) * PE_9 +
    mat4(.01,.01,.00,.01,.01,.01,-.01,-.01,-.00,-.00,-.00,-.00,-.01,-.00,-.00,-.00) * PE_10 +
    mat4(.00,.01,-.00,-.00,.01,-.01,-.00,-.00,.01,-.01,.00,-.01,.00,-.01,.01,.00) * PE_11 +
    mat4(-.07,.07,.04,.08,-.05,-.27,.08,.17,-.14,-.06,.08,.01,-.11,-.07,.15,.11) * PE_12 +
    mat4(.14,-1.28,-.26,.25,-.18,-.11,.11,.12,.03,.25,-.11,.10,-.09,.30,-.25,.16) * PE_13 +
    mat4(.18,-.34,.26,-.17,.09,-.03,-.06,.16,.07,-.67,-.52,.12,.38,.21,-.65,.33) * PE_14 +
    mat4(-.02,-.03,-.48,.06,.07,.11,.10,-.26,-.21,.14,.07,-.19,.14,.01,-.04,.11) * PE_15 +
    mat4(.02,.20,.15,.05,-.23,.19,-.05,-.30,.01,-.02,.00,-.16,.03,.02,-.00,-.05) * PE_16 +
    mat4(-.01,-.04,-.03,.02,.01,-.00,.01,-.01,-.00,.00,.01,-.00,-.01,-.01,-.01,-.02) * PE_17 +
    mat4(-.00,-.00,.02,-.00,.00,-.00,-.02,.01,.00,.02,.01,.00,.00,.00,.01,-.00) * PE_18 +
    mat4(.01,-.00,.00,-.01,-.00,.00,.00,.00,.01,-.01,.00,.00,-.01,.00,.00,.00) * PE_19 +
    mat4(-.00,.00,.01,-.01,.00,.00,.01,.00,.00,-.00,.01,.01,-.01,-.00,-.00,.01) * PE_20 +
    mat4(-.01,.01,-.01,-.00,.01,.00,.00,-.01,-.00,.00,.01,-.01,.00,.00,.00,-.00) * PE_21 +
    mat4(-.00,.00,-.00,-.00,-.00,-.00,.00,.01,-.01,-.01,.00,-.01,.01,.01,.00,-.00) * PE_22 +
    mat4(.00,.00,-.00,.00,.00,.00,.00,.00,.00,.00,.00,.00,.00,.00,.00,.00) * PE_23 + vec4(-.11,.05,-.02,-.08));
    vec4 f0_8 = relu(
    mat4(-.03,-.29,.07,-.03,.26,.27,.37,-.08,-.03,.22,.43,.07,.08,-.30,.04,.09) * PE_0 +
    mat4(.14,.06,.21,-.09,.11,.16,.35,-.07,-.09,-.12,.15,.09,.34,.01,.21,-.24) * PE_1 +
    mat4(.16,.19,.26,-.16,-.02,.22,.20,.14,.01,.24,.27,-.42,.41,.50,-.21,-.46) * PE_2 +
    mat4(-.20,-.04,-.17,.02,.37,.28,.01,.55,.22,.04,.21,-.26,.12,-.15,.03,-.09) * PE_3 +
    mat4(-.15,-.39,.20,.24,-.46,.26,-.09,-.09,-.03,-.06,.04,-.01,.25,.07,-.11,-.05) * PE_4 +
    mat4(-.07,-.00,.14,.08,-.10,-.06,.01,.07,.00,-.04,-.05,-.04,-.14,.04,.04,.07) * PE_5 +
    mat4(-.00,.01,.02,.02,-.02,.02,.01,-.02,.00,-.03,-.02,-.02,-.02,.00,-.00,.01) * PE_6 +
    mat4(-.01,.00,-.01,-.01,.01,-.00,-.00,.01,.01,-.01,-.00,-.00,-.00,.00,.00,-.00) * PE_7 +
    mat4(.00,.00,.01,.01,-.00,.01,.01,-.00,-.01,-.00,.01,.01,.00,.01,-.00,.02) * PE_8 +
    mat4(-.00,-.00,.01,-.00,.00,-.01,.00,.01,-.00,-.00,.01,-.01,.01,.00,-.01,.00) * PE_9 +
    mat4(.01,-.00,.01,.00,.00,-.02,.00,-.00,-.00,-.00,-.00,-.00,-.00,-.00,.00,.01) * PE_10 +
    mat4(.00,.01,.00,.01,.01,.00,-.00,-.00,.00,-.00,-.01,.00,.01,-.01,.00,-.00) * PE_11 +
    mat4(-.00,-.02,.04,.01,.18,.06,-.14,.11,.02,.14,-.02,-.05,.17,-.16,-.12,.19) * PE_12 +
    mat4(.37,.06,-.55,-.06,.16,.12,-.87,.17,.43,-.13,-.08,-.16,.17,.31,.26,-.01) * PE_13 +
    mat4(.02,.05,-.18,-.16,.05,.72,-.44,-.49,.30,-.10,.06,-.01,.21,-.26,.09,.09) * PE_14 +
    mat4(.28,.50,-.22,-.28,.09,-.18,.18,-.34,-.16,.28,.00,.19,-.10,.32,.12,-.07) * PE_15 +
    mat4(.16,.10,.05,.04,.34,-.02,.05,.17,.09,-.01,.03,-.01,.07,-.02,-.02,.05) * PE_16 +
    mat4(.08,.02,.00,-.02,-.01,-.00,.02,.03,.00,.00,-.01,.01,-.00,-.02,-.01,-.02) * PE_17 +
    mat4(-.00,-.02,.01,.01,-.02,.01,.00,-.01,-.00,.02,.01,.02,.00,.01,.01,.01) * PE_18 +
    mat4(-.01,-.02,-.00,.00,.00,-.00,.00,.01,.01,-.00,.01,.00,.00,-.01,.01,-.01) * PE_19 +
    mat4(.01,-.01,-.01,.00,-.00,-.00,-.01,-.01,-.01,-.00,-.00,.00,.01,.00,-.00,-.01) * PE_20 +
    mat4(.00,.00,.00,-.01,.00,-.00,.00,.00,-.01,-.00,.00,-.00,.00,.01,-.00,-.00) * PE_21 +
    mat4(.01,.01,.00,.00,.01,-.01,-.01,-.01,.01,-.00,.00,.01,.00,-.01,.00,.00) * PE_22 +
    mat4(-.00,-.01,-.00,.00,.00,.00,.00,.00,.00,.00,.00,.00,.00,.00,.00,.00) * PE_23 + vec4(-.05,.04,-.07,.05));
    vec4 f0_9 = relu(
    mat4(.14,.10,-.02,-.06,.03,-.01,.08,-.25,.24,-.04,-.11,-.03,-.02,-.05,.07,.03) * PE_0 +
    mat4(.07,.11,.02,-.26,.06,.10,-.04,-.02,.04,.10,-.04,-.07,.11,.13,-.29,-.35) * PE_1 +
    mat4(.25,.10,-.14,-.04,.01,.08,-.04,-.11,.13,-.22,-.38,.07,.45,.49,.44,-.12) * PE_2 +
    mat4(-.10,.24,.02,.02,.10,-.53,.45,-.06,.54,.11,-.43,-.23,.05,-.25,.01,.18) * PE_3 +
    mat4(-.08,.32,.13,.27,-.25,-.33,-.19,-.09,-.04,.18,-.04,.01,-.27,-.15,-.04,.00) * PE_4 +
    mat4(.17,.06,.01,.21,.01,.04,.01,-.00,.04,-.01,-.04,.05,.01,.04,.01,.05) * PE_5 +
    mat4(-.02,-.01,-.00,-.00,.01,.00,-.01,-.01,-.01,-.02,-.01,-.02,-.00,.02,.01,.00) * PE_6 +
    mat4(.02,-.01,.01,-.01,.00,-.01,-.02,.01,.00,-.01,-.00,.00,-.01,.00,-.01,-.01) * PE_7 +
    mat4(-.01,.01,.00,-.02,-.00,.01,.02,.01,-.01,.00,-.00,-.00,-.01,-.01,.00,.01) * PE_8 +
    mat4(.01,-.00,.01,.01,.01,.01,-.00,.00,.00,-.00,.00,.01,.00,-.01,.00,.00) * PE_9 +
    mat4(-.00,-.00,.00,.01,-.00,-.00,-.01,.00,-.01,.00,.00,.01,-.00,.00,.02,.01) * PE_10 +
    mat4(-.01,-.01,-.01,-.00,.01,.00,-.00,-.00,.00,.01,-.00,-.00,.00,-.01,.00,.02) * PE_11 +
    mat4(-.01,-.20,-.04,-.06,.07,.01,-.20,-.08,-.08,-.16,-.10,.02,.13,.03,-.15,.10) * PE_12 +
    mat4(.33,.31,-.24,.08,-.06,-.06,-.21,.00,.28,.27,-.14,.31,-.40,-.00,-.19,-.11) * PE_13 +
    mat4(-.10,.02,-.05,.06,.23,.38,-.16,.33,-.42,-.22,-.16,-.25,.26,-.23,-.62,.00) * PE_14 +
    mat4(-.18,-.37,.07,.47,-.17,.40,-.29,-.12,-.35,-.07,.08,-.31,.08,-.30,.06,.10) * PE_15 +
    mat4(-.01,.02,.11,-.04,.07,-.06,-.27,-.02,-.02,.02,-.05,-.04,-.01,-.04,-.00,-.04) * PE_16 +
    mat4(.04,.02,-.10,.05,-.01,-.01,.01,-.01,-.02,-.00,-.00,.00,.01,.02,.02,-.03) * PE_17 +
    mat4(.00,.01,.00,.01,.01,-.00,.01,.01,-.00,-.01,.00,.01,-.01,-.00,.01,.01) * PE_18 +
    mat4(.01,-.00,.00,.00,-.01,-.00,-.02,.00,-.00,-.01,-.00,-.01,.00,.00,.00,.01) * PE_19 +
    mat4(-.01,.01,.02,-.00,.01,-.01,.00,.01,-.00,-.00,-.00,.01,.01,.00,.00,-.00) * PE_20 +
    mat4(.00,.00,-.00,.01,-.01,.00,-.00,.01,.00,.00,.00,-.02,-.00,.00,.00,.00) * PE_21 +
    mat4(.00,-.01,.01,-.00,-.00,-.01,-.01,-.00,-.00,-.00,.00,.00,-.01,-.00,-.00,.00) * PE_22 +
    mat4(-.01,.00,.00,.01,.00,.00,.00,.00,.00,.00,.00,.00,.00,.00,.00,.00) * PE_23 + vec4(-.07,-.09,.09,-.13));
    vec4 f0_10 = relu(
    mat4(-.03,-.01,.60,.09,.09,-.04,.39,-.03,.02,.28,-.17,.02,.03,-.17,.31,.17) * PE_0 +
    mat4(.04,.03,.27,.07,.14,.28,-.00,.01,-.04,-.05,.11,.01,.11,-.13,-.16,.09) * PE_1 +
    mat4(-.02,.10,-.02,.03,.07,.23,-.16,.05,.16,.41,-.16,.18,-.14,.30,.09,.13) * PE_2 +
    mat4(.05,-.05,-.12,-.01,-.34,-.43,-.59,-.52,-.30,.18,.08,.25,.13,-.03,.05,.26) * PE_3 +
    mat4(-.20,.12,.05,-.21,-.10,-.13,.33,-.47,.08,-.09,-.03,.13,.26,.04,.03,-.08) * PE_4 +
    mat4(.45,-.25,-.03,-.07,-.00,-.03,.01,-.04,-.01,-.01,-.02,-.01,.03,-.01,.07,-.00) * PE_5 +
    mat4(-.01,.00,.01,.01,.03,-.00,.02,.02,-.01,-.01,.00,.01,.00,.01,-.00,.00) * PE_6 +
    mat4(.02,-.01,.01,-.00,-.01,-.01,.01,.02,-.00,.00,-.00,.01,-.00,.01,-.01,.01) * PE_7 +
    mat4(.00,.01,.01,.00,-.00,.01,.01,.01,-.01,.00,-.01,-.00,-.02,.01,.01,-.00) * PE_8 +
    mat4(.01,.00,-.00,.00,-.00,-.00,-.00,-.00,-.01,.00,-.00,.01,.00,.00,-.00,.00) * PE_9 +
    mat4(-.01,.00,-.00,-.00,.00,-.01,-.01,-.01,.00,.01,-.00,.01,.01,.01,.00,.01) * PE_10 +
    mat4(.00,-.01,-.01,.00,.01,-.00,.01,-.00,.01,-.01,-.00,-.00,-.01,.00,-.00,-.00) * PE_11 +
    mat4(.06,.12,.02,-.02,.01,-.09,-.13,.04,.05,-.05,-.01,-.06,.23,-.17,-.13,-.01) * PE_12 +
    mat4(-.01,-.23,-.09,.08,.10,.07,-.02,.08,.37,-.09,-.21,.20,-.03,.16,-.17,-.15) * PE_13 +
    mat4(-.35,.33,-.18,.18,-.41,.58,.29,.21,-.12,.21,.13,-.22,-.08,-.38,.25,.20) * PE_14 +
    mat4(.17,.53,.32,.12,-.09,-.23,.06,.36,.48,.10,-.15,-.37,.03,.33,-.06,.06) * PE_15 +
    mat4(-.17,-.02,.13,-.03,.07,.04,.21,.01,.06,-.03,.03,-.05,-.02,-.01,.02,-.07) * PE_16 +
    mat4(-.14,.06,.03,-.05,-.00,.01,.00,-.00,.01,-.01,-.00,.00,.03,.00,-.02,-.01) * PE_17 +
    mat4(.00,-.01,.01,-.00,.00,-.01,-.00,-.01,.00,.01,.00,-.02,-.01,.01,-.00,-.00) * PE_18 +
    mat4(.00,.00,-.01,-.00,.00,.00,.01,.00,-.01,-.01,.00,-.01,.00,-.00,.00,.00) * PE_19 +
    mat4(-.01,-.01,-.01,.01,.01,.00,-.01,-.01,.00,-.00,-.01,.00,.00,.00,.00,.01) * PE_20 +
    mat4(-.00,-.00,-.01,.01,-.00,.00,-.01,.00,.00,.00,.01,.00,.00,.00,-.00,.00) * PE_21 +
    mat4(-.01,.01,-.00,.01,.00,-.00,.01,-.01,.00,-.00,.01,.00,-.01,-.00,.00,.01) * PE_22 +
    mat4(.01,.00,.01,.00,.00,.00,.00,.00,.00,.00,.00,.00,.00,.00,.00,.00) * PE_23 + vec4(.04,.05,.16,-.02));
    vec4 f0_11 = relu(
    mat4(-.10,.57,-.32,-.03,.02,.45,-.07,.10,.11,-.24,.24,-.39,-.13,.40,-.23,.04) * PE_0 +
    mat4(-.04,.10,-.08,-.03,.03,-.23,.20,-.36,-.13,.12,-.03,.13,-.15,-.27,-.04,.02) * PE_1 +
    mat4(-.01,-.06,.15,-.60,.01,-.10,.28,.01,-.11,.01,-.22,.63,-.22,-.08,.24,-.36) * PE_2 +
    mat4(.27,.29,-.03,-.27,.44,-.09,-.22,-.05,.44,-.08,-.15,-.30,-.14,-.28,.13,-.04) * PE_3 +
    mat4(.17,.12,-.05,-.16,.88,.10,.13,.61,-.18,.06,.06,-.03,-.01,.04,.01,-.00) * PE_4 +
    mat4(.02,-.05,-.13,.16,-.09,.02,-.01,.05,-.13,.00,-.01,.05,.07,-.01,.04,.14) * PE_5 +
    mat4(-.01,.00,-.00,-.02,-.00,-.00,-.00,.01,-.04,-.00,-.01,.02,-.04,.00,.01,-.01) * PE_6 +
    mat4(.01,-.00,.00,.02,-.00,.00,-.01,.00,-.00,.01,-.00,.01,-.00,.00,.00,.01) * PE_7 +
    mat4(.01,.00,-.00,-.00,.01,.00,-.00,-.01,-.00,.00,.00,.00,-.00,-.00,-.00,-.01) * PE_8 +
    mat4(-.01,.01,.00,-.00,.00,-.01,-.01,-.00,-.01,.00,-.00,.02,-.01,.00,.01,.00) * PE_9 +
    mat4(-.01,.01,-.01,-.01,-.00,-.00,.00,-.01,.00,-.00,.01,-.00,-.00,.01,.00,.00) * PE_10 +
    mat4(.00,-.00,-.00,.01,-.00,.00,-.00,-.00,-.01,.00,-.01,.01,.01,.01,.00,-.00) * PE_11 +
    mat4(.00,.08,-.04,-.00,-.10,-.04,.10,.03,-.18,-.07,-.06,.04,.00,-.04,-.23,.13) * PE_12 +
    mat4(-.02,-.16,.06,-.19,-.19,-.10,-.03,.16,.08,.25,-.41,-.15,.22,.46,-.18,.41) * PE_13 +
    mat4(-.29,-.47,-.04,.30,.31,.05,.42,.43,-.62,-.05,.14,.23,.02,.06,-.56,-.52) * PE_14 +
    mat4(.13,-.03,.01,-.01,-.71,.00,-.08,.17,-.09,.03,-.00,.88,.12,-.08,-.04,.12) * PE_15 +
    mat4(-.37,.01,-.09,.18,-.14,.01,-.00,.17,-.11,.01,.03,-.07,.02,.01,-.01,-.07) * PE_16 +
    mat4(-.01,-.03,.01,.09,-.00,.01,.01,.02,-.01,-.01,.00,.00,-.01,.00,-.01,-.01) * PE_17 +
    mat4(.01,.00,-.01,.00,.03,.01,-.00,-.00,.03,.00,.00,-.00,-.01,-.01,-.00,-.02) * PE_18 +
    mat4(-.01,-.01,.00,-.01,.01,.00,.00,.01,-.01,-.01,.00,.01,-.00,.00,-.01,-.00) * PE_19 +
    mat4(.01,-.00,-.01,-.00,-.01,.01,.00,-.01,-.01,-.00,-.01,.00,-.01,-.00,.00,-.00) * PE_20 +
    mat4(-.01,.00,.00,.00,-.00,-.00,.00,-.00,-.00,.00,-.00,-.00,-.01,.01,-.00,.00) * PE_21 +
    mat4(-.00,.00,-.00,.01,.01,.00,.00,-.00,-.00,-.00,-.00,-.01,-.00,.01,-.00,-.01) * PE_22 +
    mat4(-.01,.00,-.00,-.00,.00,.00,.00,.00,.00,.00,.00,.00,.00,.00,.00,.00) * PE_23 + vec4(-.12,.02,.07,-.06));
    vec4 f0_12 = relu(
    mat4(-.05,.03,.06,.01,.02,-.04,.09,-.22,-.00,-.04,-.02,-.03,-.02,.17,.02,.12) * PE_0 +
    mat4(.15,-.14,.11,-.20,.05,.05,.14,.09,.03,.10,.19,.11,.15,-.09,.12,-.23) * PE_1 +
    mat4(-.04,-.02,.12,-.13,-.08,.07,.12,.14,.37,.18,.85,-.18,.05,.18,-.08,-.42) * PE_2 +
    mat4(.01,-.04,-.50,-.50,.29,-.12,-.12,.29,-.16,-.20,.94,-.15,.16,.08,.12,.21) * PE_3 +
    mat4(-.01,-.02,.32,-.07,.59,-.08,-.13,.46,-.16,-.06,.08,.25,-.53,.05,.08,-.09) * PE_4 +
    mat4(.22,-.09,-.10,.01,.12,-.16,-.00,-.07,.02,.04,-.03,-.05,-.06,.15,.00,.04) * PE_5 +
    mat4(.00,.01,.01,-.02,.01,-.01,.00,.00,.05,-.00,.00,-.01,.01,.01,-.01,.01) * PE_6 +
    mat4(-.01,.01,.01,-.02,.00,.00,.01,.02,-.01,-.01,-.00,.01,.00,-.00,.01,.00) * PE_7 +
    mat4(-.00,.00,-.00,-.01,.01,-.00,.00,.01,-.00,.01,-.01,.00,.02,.00,-.00,.00) * PE_8 +
    mat4(-.02,.01,.00,.00,.01,-.00,.00,-.01,-.01,.00,.00,.00,-.01,-.00,-.00,.00) * PE_9 +
    mat4(-.00,.01,-.01,-.00,-.01,.00,-.01,-.00,-.00,.01,.00,-.01,-.00,.01,.01,-.01) * PE_10 +
    mat4(-.00,-.00,.01,.00,.01,.01,-.01,.00,-.00,-.01,-.00,-.00,.00,.00,-.01,-.00) * PE_11 +
    mat4(.05,-.04,-.07,.07,-.01,-.03,-.11,-.02,.02,-.09,-.23,.05,.02,.06,.01,.03) * PE_12 +
    mat4(.30,.29,-.44,-.61,.08,.03,-.39,-.02,-.09,.25,.17,-.18,.04,.06,-.51,-.24) * PE_13 +
    mat4(-.27,-.03,-.02,-.17,.00,-.44,.02,-.31,-.15,.06,.38,-.10,.06,-.19,.66,-.13) * PE_14 +
    mat4(-.34,.64,.37,.43,-.04,-.16,-.09,.00,-.16,-.42,-.25,-.10,.06,.01,-.21,.10) * PE_15 +
    mat4(.13,-.17,.11,.11,-.28,-.35,-.14,.13,-.00,.14,.04,-.13,-.01,.08,-.01,-.07) * PE_16 +
    mat4(-.07,-.10,-.03,-.07,-.02,.04,.01,-.02,-.01,-.02,-.00,-.00,-.01,-.00,-.01,-.01) * PE_17 +
    mat4(-.01,-.00,-.01,-.01,-.02,-.01,-.01,.00,-.01,.01,-.01,.00,.00,.01,.00,.00) * PE_18 +
    mat4(.00,-.00,-.00,-.01,-.02,-.01,-.00,.01,-.01,-.01,-.00,-.01,-.01,-.00,-.00,-.01) * PE_19 +
    mat4(-.01,-.00,.00,.00,.00,.00,.01,.01,-.00,.01,.00,.00,-.00,.01,.00,.00) * PE_20 +
    mat4(-.01,-.00,.01,-.00,-.00,-.00,-.01,.00,.00,.00,.01,-.00,.01,.01,.01,-.00) * PE_21 +
    mat4(.01,-.01,.00,.00,-.01,.00,-.00,-.00,-.01,.01,.00,-.00,-.01,-.00,.01,-.00) * PE_22 +
    mat4(.00,.00,.01,.00,.00,.00,.00,.00,.00,.00,.00,.00,.00,.00,.00,.00) * PE_23 + vec4(-.00,.03,-.17,-.09));
    vec4 f0_13 = relu(
    mat4(-.04,-.01,.30,-.03,-.03,-.10,-.29,-.12,-.01,-.16,.28,.11,-.08,.05,.25,-.12) * PE_0 +
    mat4(-.10,-.06,-.08,-.21,-.05,-.13,.16,.03,.06,.04,.18,-.08,-.03,-.18,-.04,-.23) * PE_1 +
    mat4(.02,-.18,.31,.09,-.01,.10,.20,-.04,.13,-.10,.23,-.13,-.44,-.42,-.33,-.17) * PE_2 +
    mat4(-.04,-.14,-.75,.32,.16,-.07,-.30,-.43,.18,-.48,.28,-.19,-.02,.10,-.05,.13) * PE_3 +
    mat4(.08,.14,-.06,.25,-.04,-.19,.09,.20,-.05,-.04,.32,-.22,.16,-.04,.01,.12) * PE_4 +
    mat4(-.14,.48,-.03,-.01,.05,.04,-.03,.05,-.05,-.02,.01,-.06,-.15,.08,-.02,-.02) * PE_5 +
    mat4(-.01,-.03,.02,.02,-.02,.02,-.01,.01,-.00,.04,.00,-.00,-.00,-.01,.00,-.01) * PE_6 +
    mat4(.00,.01,.01,-.00,-.00,-.01,-.00,.02,-.01,-.00,-.00,.00,-.00,.01,.01,.00) * PE_7 +
    mat4(-.00,.00,-.01,-.01,.00,-.02,.02,.00,-.00,-.00,-.01,.00,-.00,-.00,.01,.01) * PE_8 +
    mat4(.01,-.01,-.00,.00,.01,-.00,-.01,.00,.00,.00,-.00,-.01,-.01,-.00,-.01,-.01) * PE_9 +
    mat4(-.00,-.01,-.01,.00,-.00,.01,.00,-.00,-.00,-.00,.01,.00,-.00,.01,.00,-.01) * PE_10 +
    mat4(.00,-.00,.00,.01,.01,.02,.01,-.00,.00,-.00,-.01,.00,-.00,.00,.01,.01) * PE_11 +
    mat4(.08,-.13,-.02,-.06,.14,-.04,-.08,.05,.07,-.01,-.19,-.07,.13,.07,-.05,.16) * PE_12 +
    mat4(-.01,-.09,.29,.13,.09,.04,-.39,-.01,.08,-.08,-.23,.32,-.27,-.05,.15,-.01) * PE_13 +
    mat4(.05,-.37,-.32,-.26,.44,-.54,-.16,.42,.36,.44,.16,.11,.18,.05,-.44,-.26) * PE_14 +
    mat4(.05,.16,.05,.15,-.30,.20,-.04,-.09,.06,.43,.41,-.12,.11,-.07,-.16,-.12) * PE_15 +
    mat4(-.01,-.12,.07,.09,-.23,-.36,.08,.02,-.06,.14,.02,-.05,-.01,.03,.00,-.04) * PE_16 +
    mat4(-.12,.06,.05,-.06,-.02,-.03,.01,.03,-.01,-.02,-.00,.01,.02,-.01,.02,.02) * PE_17 +
    mat4(-.01,-.02,-.01,-.01,-.00,.00,.01,-.01,-.01,-.01,.00,.01,.00,.00,-.01,.00) * PE_18 +
    mat4(.01,-.01,-.01,-.00,-.00,.01,-.00,-.00,-.00,-.01,.01,-.00,-.01,.00,.01,.00) * PE_19 +
    mat4(-.00,-.02,.01,.01,.01,.00,-.01,.00,-.00,.01,-.00,.00,.01,-.01,.00,.00) * PE_20 +
    mat4(-.00,.00,.01,-.00,.00,-.00,.01,.01,-.00,-.00,-.01,-.00,.00,.00,-.01,-.00) * PE_21 +
    mat4(-.01,-.00,.01,-.00,.00,-.01,-.01,-.01,.01,-.00,-.01,-.00,-.00,-.01,.00,.00) * PE_22 +
    mat4(-.01,.01,-.00,.00,.00,.00,.00,.00,.00,.00,.00,.00,.00,.00,.00,.00) * PE_23 + vec4(-.07,-.23,-.02,-.13));
    vec4 f0_14 = relu(
    mat4(.10,-.05,.05,-.20,.19,.13,-.19,-.15,-.02,-.01,.41,.18,-.02,.00,.20,.03) * PE_0 +
    mat4(.14,.27,-.12,-.07,-.07,-.03,.31,.15,-.03,-.07,.14,.14,.11,.44,.25,.17) * PE_1 +
    mat4(-.01,-.11,.10,.26,-.02,-.15,-.21,.21,.26,.07,.59,.22,-.23,-.00,-.34,.06) * PE_2 +
    mat4(.08,-.16,-.04,.14,-.06,-.14,-.19,-.29,.32,.60,.46,.51,-.13,-.12,.01,-.13) * PE_3 +
    mat4(.21,.22,.24,.01,.24,.27,.05,.14,-.11,.02,-.02,-.05,.03,.14,-.00,-.12) * PE_4 +
    mat4(.33,-.28,-.11,-.17,-.03,.12,-.01,-.01,-.02,-.01,.02,-.01,-.02,-.08,.01,-.06) * PE_5 +
    mat4(.03,-.00,.00,-.03,.01,.01,.01,-.01,.01,-.01,-.02,-.02,.03,.02,.00,-.01) * PE_6 +
    mat4(.01,.01,-.01,.01,.01,-.00,.00,-.00,-.00,.01,.01,.01,.00,-.01,-.00,-.00) * PE_7 +
    mat4(.01,.00,.01,.00,.01,.00,-.01,-.00,.01,.00,-.00,.00,.00,-.01,.01,.01) * PE_8 +
    mat4(-.00,-.01,.02,.01,-.01,.01,-.01,.00,-.01,.01,-.00,-.01,-.00,-.01,.00,.00) * PE_9 +
    mat4(-.00,-.00,.01,-.00,.00,.00,-.01,-.00,-.00,.00,.00,.00,-.01,-.01,-.00,-.00) * PE_10 +
    mat4(.00,.00,.00,.00,-.00,-.00,.02,.00,-.01,.00,-.00,.00,-.00,.00,-.00,.00) * PE_11 +
    mat4(.01,-.01,-.08,.01,.07,.20,-.13,-.12,.07,.03,-.22,-.21,.21,.09,-.02,.02) * PE_12 +
    mat4(-.10,-.01,-.04,-.24,.02,.27,-.84,-.51,.36,-.01,-.02,.11,-.17,-.11,-.02,-.22) * PE_13 +
    mat4(.14,.46,.12,-.07,-.32,.89,.48,.04,-.32,-.02,.38,-.06,.16,-.25,-.55,-.40) * PE_14 +
    mat4(.37,.01,-.05,.23,-.16,.16,.03,.19,.37,-.45,.22,.37,.16,.45,-.01,-.07) * PE_15 +
    mat4(-.13,-.03,-.06,.02,.26,-.12,-.08,-.15,-.03,-.01,-.06,.05,.02,-.01,.01,-.02) * PE_16 +
    mat4(-.03,-.02,-.05,-.08,-.04,.01,-.00,-.00,.02,.00,-.01,-.01,-.00,-.04,-.00,.01) * PE_17 +
    mat4(-.00,.01,-.00,-.01,-.01,-.00,-.01,-.00,.02,-.00,.02,.01,.00,-.01,-.00,.01) * PE_18 +
    mat4(-.01,.01,.01,-.00,-.01,.00,.01,-.00,.01,.00,-.00,.00,.01,-.01,-.00,-.01) * PE_19 +
    mat4(.00,.00,-.01,-.00,.01,-.00,.00,.00,.01,.00,.00,.00,.00,.01,.00,.01) * PE_20 +
    mat4(-.01,.01,.00,.01,-.00,.01,-.00,.00,-.00,-.00,-.01,-.00,.00,-.01,.00,-.00) * PE_21 +
    mat4(.00,.00,.00,-.00,.00,-.00,.01,-.00,.00,-.00,-.00,.00,.00,.01,.00,-.00) * PE_22 +
    mat4(-.01,.01,-.00,.01,.00,.00,.00,.00,.00,.00,.00,.00,.00,.00,.00,.00) * PE_23 + vec4(.01,.04,.09,-.00));
    vec4 f0_15 = relu(
    mat4(-.22,.17,.13,-.46,-.28,.11,-.03,.50,-.18,.10,-.01,.32,.04,.10,.18,-.24) * PE_0 +
    mat4(-.18,.22,.02,.28,-.19,.12,-.00,.22,.05,.23,.24,-.15,-.11,.24,-.05,-.05) * PE_1 +
    mat4(-.14,.07,-.02,.09,-.04,.18,.17,.23,-.46,.13,-.11,.20,.27,.04,-.33,-.19) * PE_2 +
    mat4(.04,-.12,.13,-.11,.02,.13,.03,-.50,.83,.29,-.14,-.07,-.02,-.11,-.03,.04) * PE_3 +
    mat4(-.25,.04,-.16,.11,-.07,-.42,.02,.04,-.01,-.21,-.43,.02,-.05,.38,.14,.03) * PE_4 +
    mat4(.42,-.17,-.06,-.09,-.00,-.09,-.09,.08,-.05,.01,-.02,.01,.03,-.13,-.03,-.10) * PE_5 +
    mat4(-.00,-.01,-.03,.01,-.01,.01,-.00,.00,.02,-.05,.02,.01,-.01,-.01,-.00,-.00) * PE_6 +
    mat4(.01,-.03,-.01,-.01,-.02,-.02,-.02,-.02,.01,-.00,-.01,.00,-.00,-.00,.00,.00) * PE_7 +
    mat4(.01,-.02,.00,.00,.01,-.01,-.00,-.00,.01,.00,.00,.00,-.00,.00,-.01,-.00) * PE_8 +
    mat4(.00,.01,.01,-.00,.01,.01,.02,-.00,-.00,-.01,.01,-.00,-.00,.01,.00,-.00) * PE_9 +
    mat4(.00,-.00,.00,.01,.00,.01,.01,.00,.01,-.01,-.00,.00,.00,-.01,.01,-.01) * PE_10 +
    mat4(-.00,.00,-.00,-.00,-.01,.01,.01,.00,-.01,-.01,-.01,-.01,.00,.00,.01,-.00) * PE_11 +
    mat4(-.03,-.06,.14,.11,.02,.05,.02,-.00,-.02,.05,.06,-.02,-.26,.09,.18,.06) * PE_12 +
    mat4(-.07,.39,.12,-.10,.05,.15,.23,-.01,-.43,.18,.11,.15,-.10,.21,.02,.25) * PE_13 +
    mat4(.18,.02,.17,-.04,.25,-.13,.31,-.05,.64,.23,.07,-.09,.26,.39,.16,.12) * PE_14 +
    mat4(-.32,.27,-.08,.12,-.10,.21,-.04,-.07,.48,.04,.05,-.25,-.06,-.01,-.14,-.13) * PE_15 +
    mat4(.01,.34,.04,-.01,-.23,.03,-.15,.09,-.09,.00,.08,-.03,-.08,.03,.02,-.01) * PE_16 +
    mat4(-.08,.23,-.10,-.08,.01,.02,-.01,.01,-.01,-.01,.00,.00,.02,-.03,.03,.02) * PE_17 +
    mat4(-.00,-.01,-.00,.02,-.00,-.00,-.01,.00,-.01,.01,.01,.01,.00,-.00,.00,.00) * PE_18 +
    mat4(.01,.00,.02,-.00,-.02,.02,.02,-.00,.00,.00,-.00,-.00,.00,.00,.00,.00) * PE_19 +
    mat4(.00,-.01,-.01,-.01,-.01,.01,-.01,-.00,-.00,.01,.01,-.00,.00,.01,-.01,-.01) * PE_20 +
    mat4(-.00,-.01,.00,.01,-.00,-.00,.00,.00,.00,-.01,.00,.01,-.01,.01,.01,.00) * PE_21 +
    mat4(.00,.00,.00,-.01,-.00,.01,.00,.00,-.00,-.01,.01,.00,-.01,.00,-.01,-.00) * PE_22 +
    mat4(.00,.00,-.00,.01,.00,.00,.00,.00,.00,.00,.00,.00,.00,.00,.00,.00) * PE_23 + vec4(.09,.01,.02,.01));
    
    vec4 f1_0 = relu(
    mat4(.69,.43,-.98,-.35,.74,.20,-.71,-.38,.33,-.38,-.24,-.38,1.13,.33,-.60,-.26) * f0_0 +
    mat4(.01,-.18,.15,-.05,.02,.20,.19,.26,.61,.28,-.34,-.37,.00,-.15,.06,.14) * f0_1 +
    mat4(.35,-.02,-.24,-.26,-.27,.10,.17,.16,.92,.21,-.51,-.47,.43,.07,-.17,-.07) * f0_2 +
    mat4(.82,.26,-.51,-.21,.03,-.05,.14,-.03,.14,.20,-.04,.22,.58,.13,-.42,-.12) * f0_3 +
    mat4(.65,.12,-.36,-.07,.54,.14,-.40,-.18,-.12,-.13,.23,.04,.34,.25,-.39,-.27) * f0_4 +
    mat4(.41,.09,-.42,-.46,1.01,.01,-.34,-.43,-.41,.07,.34,.13,.07,-.27,-.01,.10) * f0_5 +
    mat4(.09,.05,-.07,.14,1.29,.11,-.61,-.43,.64,-.18,-.37,-.12,-.03,-.21,.11,.03) * f0_6 +
    mat4(.75,.24,-.31,-.07,.96,-.23,-.65,-.44,-.06,-.13,.05,.01,-.19,.02,.22,.01) * f0_7 +
    mat4(-.23,-.03,.26,.06,.53,.24,-.29,-.23,.88,-.01,-.58,-.56,.07,.09,-.00,.30) * f0_8 +
    mat4(-.14,-.12,.20,.25,-.15,-.28,.22,.18,.28,.06,-.60,-.32,-.01,-.21,.10,-.04) * f0_9 +
    mat4(-.23,.04,.10,.10,.21,.07,-.05,.08,.99,.25,-.30,-.50,.00,.09,-.05,-.07) * f0_10 +
    mat4(-.17,.12,.26,.20,.43,.40,-.32,-.23,.11,.23,-.19,.04,-.29,.04,.20,.29) * f0_11 +
    mat4(-.13,-.03,.30,.18,-.06,-.14,-.04,.04,.28,-.28,.00,.01,.00,-.12,.01,.01) * f0_12 +
    mat4(-.18,.13,.10,.19,-.08,.03,.21,.06,.32,-.27,-.31,-.34,.07,-.17,-.02,-.01) * f0_13 +
    mat4(.00,.09,.27,.18,-.04,.12,.18,.22,.87,.01,-.91,-.50,.39,.32,-.47,-.08) * f0_14 +
    mat4(.58,.33,-.36,-.19,-.18,.00,.19,-.05,.01,.11,.14,.03,.32,.33,-.23,-.21) * f0_15 + vec4(.07,-.05,-.09,-.04));
    vec4 f1_1 = relu(
    mat4(-.70,.40,.49,-.78,-.51,.11,.26,-1.14,-.05,-.02,.20,-.25,-.36,-.43,-.23,-.74) * f0_0 +
    mat4(.17,-.12,.05,-.01,.19,-.22,-.20,.11,-.09,.52,.51,-.36,.12,.03,.08,.09) * f0_1 +
    mat4(-.07,.19,.10,-.29,.15,-.12,-.14,.10,-.47,.62,.59,-.61,-.27,.04,.08,-.19) * f0_2 +
    mat4(-.38,.65,.41,-.89,.14,-.12,-.29,.08,-.03,-.28,-.26,-.06,-.27,.24,.30,-.25) * f0_3 +
    mat4(-.30,.44,.62,-.43,-.16,.33,.30,-.31,.15,-.22,-.06,.34,-.33,.48,.51,-.44) * f0_4 +
    mat4(-.53,.39,.37,-.30,-.79,.18,.69,-.56,.07,-.11,.12,.29,.10,-.01,-.02,.02) * f0_5 +
    mat4(.09,.00,.09,-.10,-.50,.23,.93,-.94,-.48,.43,.31,-.51,-.04,.07,.02,.16) * f0_6 +
    mat4(-.28,-.26,.02,-.40,-.27,.38,.91,-1.15,.09,-.19,-.05,.07,.15,-.13,.13,.14) * f0_7 +
    mat4(.10,-.10,-.22,.29,-.35,.20,.02,-.22,-.54,.39,.82,-.87,.08,.02,-.10,.26) * f0_8 +
    mat4(.20,-.26,-.09,.13,-.02,-.22,-.11,.32,-.35,.07,.36,-.40,.16,-.13,-.07,.04) * f0_9 +
    mat4(.10,.09,.16,.15,-.06,.15,.06,-.15,-.11,.40,.13,-.70,-.07,-.07,-.07,-.04) * f0_10 +
    mat4(.04,.02,-.13,.42,-.27,.46,.46,-.35,-.32,.33,.01,-.28,.11,.05,-.21,.24) * f0_11 +
    mat4(.20,-.07,-.04,.17,.01,.13,.01,-.17,.09,.23,.15,-.11,.03,-.17,-.11,.09) * f0_12 +
    mat4(-.04,.01,-.32,.07,.21,-.12,-.20,.52,-.03,.03,.22,-.44,-.02,.02,.10,.10) * f0_13 +
    mat4(.30,.03,.01,.11,.07,-.40,-.42,.23,-.55,.63,.67,-.91,-.27,.15,.44,-.80) * f0_14 +
    mat4(-.26,.26,.37,-.58,.11,.07,-.04,.18,.15,-.15,-.03,.10,-.06,.31,.23,-.44) * f0_15 + vec4(-.02,.08,-.02,-.01));
    vec4 f1_2 = relu(
    mat4(.74,-.29,.21,-.34,.51,-.29,-.36,-.19,.17,-.01,.06,.06,.36,-.30,-.06,-.35) * f0_0 +
    mat4(-.03,-.03,-.12,.09,-.01,-.12,-.11,.07,.27,-.09,.44,-.38,.09,.13,.17,.03) * f0_1 +
    mat4(.29,-.04,.06,.15,-.06,-.03,-.08,.18,.39,-.03,.24,-.19,.08,-.01,-.19,-.19) * f0_2 +
    mat4(.58,-.32,.34,-.45,-.28,.21,-.05,.27,.20,-.08,-.23,-.30,.25,.13,-.53,-.07) * f0_3 +
    mat4(.04,-.19,.29,-.09,.27,-.08,.37,-.01,-.15,.09,.12,.22,.32,-.12,.12,-.27) * f0_4 +
    mat4(.26,-.17,.22,-.26,.42,-.21,.15,-.24,-.12,-.15,-.02,-.11,.08,-.01,-.18,.10) * f0_5 +
    mat4(-.02,.10,.10,.03,.59,-.49,-.08,-.32,.46,-.04,-.32,-.04,.03,.16,-.20,.22) * f0_6 +
    mat4(.03,-.04,.69,-.26,.27,-.37,.63,-.29,-.08,.18,.05,.18,-.02,.20,-.04,.19) * f0_7 +
    mat4(-.00,-.08,-.11,.15,.29,-.46,.39,-.12,.54,-.06,.33,-.13,-.16,.04,.11,.05) * f0_8 +
    mat4(-.18,-.05,-.15,.02,-.17,.10,-.20,.05,.17,-.19,-.25,-.27,-.12,.03,-.18,.19) * f0_9 +
    mat4(-.09,-.06,.09,.06,.02,-.21,.51,-.09,.17,-.05,.13,-.28,.03,.17,-.18,.11) * f0_10 +
    mat4(-.05,.24,-.09,.06,.06,-.45,.06,-.35,.16,-.01,.23,-.13,-.09,-.04,-.00,.14) * f0_11 +
    mat4(.09,-.04,.10,.14,-.05,.11,.02,.04,.01,.05,.07,-.02,-.03,.24,-.17,.15) * f0_12 +
    mat4(-.10,-.00,-.07,-.01,.01,.12,-.01,.27,.19,-.08,.01,-.05,-.25,.09,-.41,.12) * f0_13 +
    mat4(.01,.05,-.04,.06,.04,.08,-.18,.03,.58,.05,.40,-.34,.17,-.17,.13,-.38) * f0_14 +
    mat4(.33,-.11,.12,-.14,-.00,.02,.02,.27,.05,.11,-.14,.07,.12,-.15,.31,-.13) * f0_15 + vec4(.04,-.05,.04,-.05));
    vec4 f1_3 = relu(
    mat4(-.90,-.61,-.32,-.80,-.78,-.58,-.36,-.47,-.33,-.05,-.28,-.61,-.76,-.36,-.88,-.59) * f0_0 +
    mat4(.01,.08,.18,-.12,.25,.11,-.12,.21,-.49,-.34,-.49,-.19,.06,.06,.03,.30) * f0_1 +
    mat4(-.30,-.29,.28,-.01,.20,-.05,.09,.07,-.64,-.09,-.03,-.04,-.53,-.32,-.38,-.46) * f0_2 +
    mat4(-.50,-.38,-.15,.04,.07,.02,.04,-.01,.05,-.07,.23,-.37,-.41,-.43,-.33,.06) * f0_3 +
    mat4(-.31,-.32,-.11,-.59,-.31,.05,.07,-.01,.39,.11,.14,.21,-.66,-.27,.12,.03) * f0_4 +
    mat4(-.40,-.46,-.31,-.96,-.72,-.17,-.35,-.42,.16,-.36,-.11,-.38,.01,.08,.15,.19) * f0_5 +
    mat4(.20,-.16,.13,.50,-.78,-.52,-.45,-.57,-.44,-.30,-.73,-.21,.13,.07,.20,.34) * f0_6 +
    mat4(-.67,-.16,-.36,-1.35,-.55,-.75,-.63,-.88,.07,-.02,.14,-.25,.15,.13,.05,.24) * f0_7 +
    mat4(.32,.07,.13,.13,-.38,-.17,-.33,.16,-.75,-.28,-.10,-.88,.25,.13,.26,.18) * f0_8 +
    mat4(.26,.12,.28,.22,.30,-.03,.16,.44,-.37,-.36,-.33,.00,.06,.01,.04,.21) * f0_9 +
    mat4(.26,.21,.12,-.01,-.23,-.12,-.68,-.69,-.48,-.01,.00,-.10,-.11,.11,.15,.04) * f0_10 +
    mat4(.40,.32,-.06,-.09,-.07,-.39,-.15,-.68,.08,-.04,-.79,-.14,.49,.11,.03,.11) * f0_11 +
    mat4(.35,.08,-.04,-.09,.06,.21,.22,.10,.06,.15,.28,.49,.31,.20,.20,-.29) * f0_12 +
    mat4(.06,.04,-.00,-.22,.34,.23,.17,-.47,-.36,.04,-.26,-.07,.14,.14,.16,-.02) * f0_13 +
    mat4(.38,.01,-.09,.05,.25,.21,-.09,-.00,-1.00,-.32,-.07,-.39,-.28,-.36,-.12,-.44) * f0_14 +
    mat4(-.43,-.20,-.25,.31,.12,-.12,.03,.24,.08,.02,-.05,.38,-.20,-.15,.22,-.33) * f0_15 + vec4(-.09,-.03,-.07,.02));
    vec4 f1_4 = relu(
    mat4(.90,.51,-1.20,-.21,.62,-.24,-1.10,-1.39,.44,.30,-.30,-.71,.75,.88,-.59,-.39) * f0_0 +
    mat4(.07,.05,.14,.19,-.19,-.05,.39,.32,.16,.09,-.57,-.32,-.13,.09,.07,.26) * f0_1 +
    mat4(.01,.07,-.18,-.64,-.15,-.11,.36,.23,.38,.24,-1.05,-.77,.03,.26,-.48,-.57) * f0_2 +
    mat4(.60,.05,-.81,-.59,-.06,.03,.19,.27,.02,-.40,.20,.31,.14,.35,-.59,-.54) * f0_3 +
    mat4(.06,-.02,-.07,.31,.15,.03,-.42,-.28,-.07,.03,.45,.35,.41,.39,-.86,-.81) * f0_4 +
    mat4(.54,.22,-.75,-.47,.67,-.28,-.99,-.69,-.24,-.40,.31,.56,-.12,-.09,.23,.16) * f0_5 +
    mat4(-.07,-.07,.22,.21,.84,.69,-.90,-.83,.12,.20,-.52,-.65,.10,-.08,.09,-.03) * f0_6 +
    mat4(.13,.18,-.71,-.37,.40,.72,-.85,-.61,-.12,.02,.05,.14,-.10,.00,.22,.22) * f0_7 +
    mat4(.04,-.14,.40,.31,.48,.29,-.68,-.54,.73,.44,-1.01,-.46,-.22,-.16,.46,.46) * f0_8 +
    mat4(-.10,-.02,.46,.47,-.19,.12,.36,.19,.46,.54,-.46,-.29,-.16,-.05,.10,-.08) * f0_9 +
    mat4(-.08,-.13,.32,.31,.32,-.11,-.02,.18,.33,.37,-.52,-.68,.19,-.08,.10,.12) * f0_10 +
    mat4(-.08,-.12,.55,.45,.15,.09,-.27,-.27,.22,.19,.09,.31,-.26,-.26,.88,.42) * f0_11 +
    mat4(.08,-.03,.39,.25,.19,-.16,.13,-.10,.08,.41,.10,-.37,-.09,-.17,.37,.29) * f0_12 +
    mat4(-.10,-.23,.13,.16,.08,-.16,.55,.56,.31,.26,-.63,-.56,-.08,-.13,.06,.05) * f0_13 +
    mat4(-.05,-.13,.29,.26,-.07,-.06,.47,.40,.62,.48,-1.59,-1.56,.29,.14,-.53,.03) * f0_14 +
    mat4(.45,.47,-.82,-.34,.00,.00,.19,.22,-.22,-.12,.16,.10,.37,.31,-.16,.03) * f0_15 + vec4(.01,.03,.05,.14));
    vec4 f1_5 = relu(
    mat4(-.62,.33,.26,.72,.03,-.01,-.29,-.08,-.41,.09,.03,.06,-.39,.31,-.40,.20) * f0_0 +
    mat4(-.07,-.16,-.10,-.00,-.14,.02,-.14,-.09,-.02,.35,.36,.32,.01,.15,.12,.07) * f0_1 +
    mat4(.45,-.02,-.02,.30,-.10,-.15,-.07,-.37,-.14,.09,.35,.01,.16,.21,.13,.23) * f0_2 +
    mat4(-.15,.53,.56,.20,.17,.03,.04,-.07,-.19,.34,.18,.56,-.11,.24,-.21,.22) * f0_3 +
    mat4(-.08,.27,.27,-.43,.22,.22,.22,.11,.24,.05,-.19,-.03,.16,.31,.38,.07) * f0_4 +
    mat4(-.21,.32,.47,.10,-.18,.17,-.07,.28,-.25,.00,-.06,.10,.05,.05,.09,.14) * f0_5 +
    mat4(.12,.15,.20,-.18,-.27,.39,.37,.35,-.25,.14,.38,.31,.13,-.18,-.11,-.03) * f0_6 +
    mat4(-.64,.55,.37,-.05,-.95,.42,.75,-.09,.15,-.09,-.19,.01,.15,.13,.11,-.03) * f0_7 +
    mat4(-.05,.07,-.25,-.10,.17,.31,.22,.13,-.18,.16,.34,.47,.02,.02,-.02,-.03) * f0_8 +
    mat4(.08,-.13,-.17,.07,.23,-.47,-.29,.10,-.30,.02,.19,.08,.41,.01,-.06,-.23) * f0_9 +
    mat4(.03,.03,.10,.01,-.23,.08,.20,.11,.08,.09,.36,.03,.05,-.16,.03,.02) * f0_10 +
    mat4(-.28,.04,-.11,-.23,-.32,.39,.36,.30,-.34,.12,.40,.45,-.05,-.08,-.06,-.09) * f0_11 +
    mat4(-.11,.08,-.10,-.20,.26,-.15,-.04,.21,.65,.09,.09,-.07,.25,-.16,.11,.10) * f0_12 +
    mat4(.01,-.06,-.06,-.02,.08,-.00,-.10,-.06,.03,.03,.08,.31,.19,-.31,-.10,.12) * f0_13 +
    mat4(-.11,-.02,.06,-.24,-.20,.01,-.25,-.43,-.04,.33,.46,.69,-.50,.15,.25,.29) * f0_14 +
    mat4(-.08,-.02,.23,.63,.04,.02,-.02,-.18,.07,-.00,-.13,.07,-.06,.27,.26,.08) * f0_15 + vec4(.07,-.09,.09,.06));
    vec4 f1_6 = relu(
    mat4(-.87,-.16,.47,-.16,-.66,-.28,-.18,-.39,-.08,.11,.17,-.33,-.98,-.38,-.51,-.27) * f0_0 +
    mat4(.17,.01,-.04,.08,.07,-.07,-.07,-.09,-.20,-.28,.27,-.27,.11,-.01,.12,.08) * f0_1 +
    mat4(-.35,-.13,-.03,.15,.31,.02,-.25,.19,-.62,-.08,.25,-.13,-.21,-.19,.04,-.11) * f0_2 +
    mat4(-.56,-.15,.51,-.26,.07,.13,.01,.11,-.25,-.24,-.08,-.15,-.41,-.21,.28,-.51) * f0_3 +
    mat4(-.42,-.22,.01,-.24,-.22,-.01,.37,-.02,.28,.05,-.19,-.01,-.38,-.16,.30,-.11) * f0_4 +
    mat4(-.19,-.24,.39,-.27,-.62,-.11,.46,.10,.27,.03,-.11,-.11,.02,.11,.00,.18) * f0_5 +
    mat4(.10,.11,.07,.09,-.95,-.20,.45,-.55,-.26,-.15,.42,-.17,.29,.19,.07,.18) * f0_6 +
    mat4(-.25,-.03,.28,-.30,-.96,-.21,.58,-.35,.12,-.02,-.03,.09,.11,.14,.02,.02) * f0_7 +
    mat4(.21,-.07,-.02,.17,-.41,.05,.15,-.06,-.85,-.09,.34,-.19,.06,.08,-.04,.02) * f0_8 +
    mat4(.11,-.00,-.04,.01,.21,.01,-.19,.07,-.40,-.21,.26,-.41,-.17,.14,.03,.09) * f0_9 +
    mat4(.11,.16,.13,.07,-.12,-.05,.09,-.20,-.52,-.06,.21,-.17,-.03,.01,-.25,-.07) * f0_10 +
    mat4(.30,.07,-.04,.03,-.28,-.22,.27,-.48,.11,.05,.20,-.09,.12,.10,-.16,.23) * f0_11 +
    mat4(.31,.15,-.00,.06,-.09,-.03,.14,-.12,.09,.12,-.35,-.16,.16,.18,.06,.22) * f0_12 +
    mat4(.12,-.03,-.02,.07,.20,.17,-.14,.17,-.42,-.13,.15,.01,-.01,.06,-.06,.14) * f0_13 +
    mat4(.13,.11,.11,.09,-.03,.12,-.35,.01,-.55,-.22,.37,.02,-.18,-.10,-.17,-.40) * f0_14 +
    mat4(-.39,-.17,-.03,-.15,.14,.09,-.06,.04,-.00,-.00,-.19,.15,-.32,-.22,.27,-.27) * f0_15 + vec4(-.09,.01,.06,-.05));
    vec4 f1_7 = relu(
    mat4(.50,-.80,-.30,.55,-.11,-.51,-.32,.61,.11,-.06,-.30,.44,-.06,-.74,-.06,.26) * f0_0 +
    mat4(.12,.14,-.10,-.09,-.09,-.13,-.01,-.14,.01,-.02,.02,.20,-.00,.08,-.22,.13) * f0_1 +
    mat4(-.25,-.32,.01,.43,-.04,.18,-.14,-.10,.29,-.42,-.16,.39,-.05,-.33,.05,.27) * f0_2 +
    mat4(.62,-.66,-.31,.47,-.24,.03,.10,-.33,-.61,-.33,-.16,-.02,.26,-.35,.15,.58) * f0_3 +
    mat4(.27,-.14,-.45,.13,.23,-.25,-.22,.23,-.02,.10,.10,-.10,.32,-.31,.20,.27) * f0_4 +
    mat4(.41,-.40,-.54,.43,-.17,-.35,-.03,.40,-.03,.35,-.40,-.11,-.15,.07,.02,.14) * f0_5 +
    mat4(.02,-.13,.17,.02,.27,-.60,-.05,.46,.34,-.17,.26,.38,.05,.08,.14,-.04) * f0_6 +
    mat4(.38,-.15,-.26,.18,.88,-.62,-.73,.30,.11,-.05,.12,-.07,.00,.11,.03,-.07) * f0_7 +
    mat4(-.24,.17,-.15,-.08,.22,-.26,.28,.54,.46,-.55,-.31,.49,-.20,-.02,.24,-.11) * f0_8 +
    mat4(.04,.38,-.34,-.05,-.32,.37,-.23,-.23,.34,-.38,-.37,.40,.16,-.05,.16,-.17) * f0_9 +
    mat4(.13,.24,.10,.02,.18,.10,-.21,-.14,.45,-.41,.52,.50,-.18,.18,-.27,-.09) * f0_10 +
    mat4(-.23,.06,.24,-.06,.29,-.16,-.62,.19,.25,-.00,-.17,.11,-.20,.11,.32,-.29) * f0_11 +
    mat4(.10,.22,.04,-.22,.11,.18,.04,-.03,.10,.16,.25,.34,-.20,.11,.19,-.10) * f0_12 +
    mat4(-.01,.19,-.13,.04,.08,.06,.14,-.13,.10,-.10,.21,.29,.01,.12,.24,.00) * f0_13 +
    mat4(.02,.19,.14,.04,-.33,.16,-.03,-.38,.48,-.55,-.11,.36,.16,-.16,-.28,-.21) * f0_14 +
    mat4(-.39,-.27,-.03,.45,-.23,.27,-.03,-.07,-.18,-.09,.11,-.05,.37,-.07,-.50,.41) * f0_15 + vec4(-.07,-.07,-.11,-.05));
    vec4 f1_8 = relu(
    mat4(-.24,-1.11,-1.60,-.26,-.33,-.52,-.59,-.38,.09,-.10,-.29,-1.11,-.40,-1.06,-1.28,.73) * f0_0 +
    mat4(.14,-.09,-.08,-.36,.00,.18,.24,-.08,-.46,-.51,-.47,-.25,.04,.05,.06,-.32) * f0_1 +
    mat4(.05,-.12,-.43,-.07,.06,.17,.19,-.02,-.22,-.77,-.71,-.66,-.09,-.32,-.64,-.33) * f0_2 +
    mat4(-.13,-.83,-.99,-.17,.19,.06,.15,-.03,-.16,-.22,-.24,.61,-.05,-.11,-.26,.27) * f0_3 +
    mat4(-.23,-.50,-.52,.21,.02,-.30,-.15,.36,.11,.29,.28,-.05,-.07,-.32,-.34,-.23) * f0_4 +
    mat4(-.22,-.33,-.46,.13,-.08,-.54,-.36,-.37,-.10,.07,.20,.46,.05,-.03,.03,-.33) * f0_5 +
    mat4(.13,-.02,-.07,.16,-.14,-.37,-.70,.24,-.05,-.64,-.56,-.79,.15,.08,.21,-.10) * f0_6 +
    mat4(-.11,-.34,-.42,-.02,-.08,-.88,-1.66,.51,.16,.12,.12,-.53,.04,.19,.17,-.04) * f0_7 +
    mat4(-.06,.10,.18,.09,.01,-.18,-.19,-.31,-.15,-.56,-.90,.22,.11,.18,.12,-.12) * f0_8 +
    mat4(-.04,.10,-.03,.08,.01,.11,.27,.18,-.13,-.20,-.25,.04,.06,.05,-.03,.20) * f0_9 +
    mat4(-.07,.10,.19,.09,-.13,.11,-.07,-1.38,-.29,-.23,-.39,.32,.06,.04,-.10,-.38) * f0_10 +
    mat4(-.06,.24,.36,-.10,-.24,-.48,-.51,.92,.05,-.25,-.25,-.43,.01,.18,.15,.21) * f0_11 +
    mat4(.09,.25,.27,.07,.09,.05,-.01,.18,.19,-.01,.05,.09,.19,.03,.19,.07) * f0_12 +
    mat4(.18,.06,.06,-.15,-.05,.30,.51,-.13,-.03,-.31,-.14,-.82,.17,-.01,.16,-.13) * f0_13 +
    mat4(.14,.06,.12,.21,-.05,-.08,-.04,-.05,-.15,-.59,-.33,-.03,-.18,-.40,-.61,.10) * f0_14 +
    mat4(-.00,-.16,-.22,.30,.05,.22,.27,.19,.07,.04,.14,-.22,-.04,-.14,-.39,.24) * f0_15 + vec4(-.04,.02,-.16,.00));
    vec4 f1_9 = relu(
    mat4(1.19,.37,.95,-.23,1.09,.08,.22,-.08,.36,-.10,.07,.03,.93,.28,.54,-.25) * f0_0 +
    mat4(.04,-.02,-.03,.07,-.14,.24,.15,-.03,.54,.58,.09,-.31,-.02,.01,.21,.07) * f0_1 +
    mat4(.21,-.21,-.15,.08,-.11,-.09,-.24,.15,.77,.07,.46,-.10,.27,.11,-.18,-.02) * f0_2 +
    mat4(.76,.35,.45,-.34,.02,-.14,-.27,.18,.07,.55,.17,-.35,.34,-.07,.48,.03) * f0_3 +
    mat4(.43,.25,.13,-.29,.40,.15,.45,-.13,-.26,-.10,-.11,.16,.55,.14,.42,-.02) * f0_4 +
    mat4(.43,.24,.34,-.30,1.06,.04,.10,-.05,-.10,.31,-.10,-.10,.02,.01,-.17,.18) * f0_5 +
    mat4(.10,.14,.20,-.07,.97,.36,.97,-.31,.43,.15,.66,-.01,-.09,-.11,.04,.19) * f0_6 +
    mat4(.09,.31,.40,-.05,.80,.37,.61,-.18,.01,-.15,-.20,.18,-.19,-.01,-.08,.07) * f0_7 +
    mat4(-.18,.13,-.15,.07,.60,.09,.26,-.12,.91,-.13,.65,-.18,-.38,.03,-.35,-.08) * f0_8 +
    mat4(-.27,-.04,-.15,-.13,-.15,-.05,.05,.03,.49,.11,.40,-.13,.00,-.10,-.06,-.01) * f0_9 +
    mat4(-.06,-.02,.20,.16,.17,.17,-.45,-.27,.21,.14,.25,-.34,-.00,-.19,.05,.14) * f0_10 +
    mat4(-.17,.10,-.08,.16,.25,.42,-.15,-.29,.13,.22,-.30,-.10,-.31,.16,-.68,.18) * f0_11 +
    mat4(-.10,.04,.14,.17,-.12,-.18,-.05,.02,.16,-.56,.18,.01,-.12,-.15,-.24,.07) * f0_12 +
    mat4(-.00,-.06,-.47,.08,.09,-.02,-.19,.13,.42,-.19,.22,.11,-.01,-.23,-.21,.00) * f0_13 +
    mat4(-.05,.04,-.26,.06,-.11,.11,.09,-.08,.92,-.02,-.23,-.10,.57,-.05,.18,-.30) * f0_14 +
    mat4(.63,.19,.37,-.15,-.07,-.12,.01,.14,-.23,.00,.22,.13,.42,.16,.29,-.25) * f0_15 + vec4(.09,.02,-.04,-.02));
    vec4 f1_10 = relu(
    mat4(1.03,-.41,-.31,-.89,.79,-.62,-.36,-.49,.30,-.20,-.11,-.26,.81,-.39,-.11,-.34) * f0_0 +
    mat4(.04,-.02,.13,.11,.00,.19,-.00,.17,.44,-.14,-.25,-.55,-.04,.12,.06,.08) * f0_1 +
    mat4(.29,-.14,.07,-.22,-.19,.09,-.12,.24,.56,-.27,-.16,-.50,.39,-.13,-.05,-.20) * f0_2 +
    mat4(.44,-.19,-.32,-.56,.01,.08,.11,-.02,.04,.15,-.15,-.18,.33,-.01,-.01,-.14) * f0_3 +
    mat4(.38,-.19,-.09,-.28,.40,-.10,.07,-.47,-.14,.09,.21,.10,.61,-.39,-.19,-.35) * f0_4 +
    mat4(.52,-.41,-.15,-.39,.71,-.19,-.18,-.54,-.05,.14,-.30,.19,.02,-.04,.05,-.01) * f0_5 +
    mat4(.02,.04,.13,.00,.74,-.38,-.37,-.60,.28,-.13,-.12,-.26,.08,.03,.12,.10) * f0_6 +
    mat4(.70,-.14,-.12,-.33,.64,-.55,-.23,-.56,.11,.09,.03,.05,-.19,.01,.04,.03) * f0_7 +
    mat4(-.15,.13,.12,.16,.37,-.23,-.10,-.25,.76,-.60,-.14,-.74,-.23,.18,.04,.19) * f0_8 +
    mat4(-.11,.29,.01,.28,-.05,.11,.05,.08,.56,-.10,-.14,-.35,.03,-.04,.10,.09) * f0_9 +
    mat4(-.21,.02,.07,.15,.16,-.19,-.25,-.09,.32,-.39,-.08,-.56,.16,-.10,-.07,.00) * f0_10 +
    mat4(-.24,.03,.12,.28,.33,-.03,-.22,-.35,.10,-.11,-.09,-.14,-.33,.25,.12,.28) * f0_11 +
    mat4(-.01,.07,.08,.27,.08,-.18,.13,-.11,-.20,-.03,.11,.14,.05,.01,.24,.07) * f0_12 +
    mat4(.00,.19,-.05,.12,-.10,.14,.23,.31,.38,-.21,.02,-.25,.00,-.06,.01,.16) * f0_13 +
    mat4(-.18,.15,.08,.31,-.06,.13,.08,.02,.92,-.59,-.30,-.95,.60,-.05,-.16,-.29) * f0_14 +
    mat4(.49,-.25,-.18,-.17,-.09,.10,.10,.12,-.09,.16,.06,.06,.28,-.32,-.19,-.18) * f0_15 + vec4(-.02,-.04,.12,-.11));
    vec4 f1_11 = relu(
    mat4(-.13,.03,.04,-.06,-.23,-.06,.06,-.07,-.06,.27,.36,-.07,-.35,.15,.06,-.30) * f0_0 +
    mat4(.03,.12,.13,.14,-.06,-.16,-.04,.07,-.46,-.06,.29,-.33,.10,.25,.14,-.02) * f0_1 +
    mat4(.02,.21,-.30,.02,.10,-.21,-.25,-.00,-.15,.04,.04,-.06,-.18,.14,.03,-.01) * f0_2 +
    mat4(-.40,.37,.72,-.20,.08,-.06,-.09,.16,-.29,.41,.04,-.11,-.02,.16,.28,.00) * f0_3 +
    mat4(-.38,.33,.27,-.12,-.01,.06,.25,-.07,.17,.08,-.07,.13,.02,.23,.32,.01) * f0_4 +
    mat4(-.36,.40,.31,-.18,-.22,-.13,.12,-.10,-.37,.17,.26,-.08,.03,-.08,-.06,-.02) * f0_5 +
    mat4(.02,.09,-.04,-.02,-.20,.33,-.14,-.20,-.40,.31,.42,.02,.12,-.07,.01,.10) * f0_6 +
    mat4(-.45,-.24,.23,-.01,-.39,.63,.71,-.16,.20,.16,-.09,.15,.14,-.07,-.09,.15) * f0_7 +
    mat4(-.05,-.13,.12,.01,.09,.20,.32,-.13,-.15,.42,-.06,-.15,.13,-.11,-.08,.10) * f0_8 +
    mat4(.07,-.02,.16,.00,.15,-.35,.02,.12,-.09,.04,.38,-.02,.05,-.05,-.07,.13) * f0_9 +
    mat4(.12,.13,-.16,.09,-.27,.33,.25,-.17,-.24,.13,.33,.01,-.07,-.04,-.17,.14) * f0_10 +
    mat4(.12,.06,.04,.07,-.25,.27,.37,-.33,-.16,.28,.66,-.05,-.04,-.04,.05,.07) * f0_11 +
    mat4(.11,.08,-.12,.00,.08,-.13,-.24,.14,.03,.18,-.18,-.01,.26,-.10,-.04,.08) * f0_12 +
    mat4(.01,-.08,-.16,.13,.06,-.18,-.09,.12,.10,.14,.01,-.06,.08,-.08,.01,-.01) * f0_13 +
    mat4(-.04,.11,.01,.03,.04,-.19,-.14,-.01,-.23,.17,.15,-.24,-.39,-.09,.08,-.12) * f0_14 +
    mat4(-.09,-.10,.20,-.02,-.07,-.09,-.22,.11,.10,-.17,-.10,.11,-.28,.29,.09,-.15) * f0_15 + vec4(.05,-.08,-.09,.00));
    vec4 f1_12 = relu(
    mat4(-.68,-.48,-.20,-1.08,-.40,-.61,-.34,-.85,-.09,-.02,.04,-.32,-.22,-.84,-.32,-.62) * f0_0 +
    mat4(.01,.06,.03,.00,-.09,.08,.09,.19,-.12,-.60,-.28,-.47,-.17,.03,.04,.21) * f0_1 +
    mat4(.10,-.25,-.10,-.10,-.09,.24,.01,.16,-.15,-.44,-.12,-.66,-.02,-.06,-.13,-.32) * f0_2 +
    mat4(-.36,-.37,-.29,-.42,.12,.08,.21,.14,-.15,-.02,-.38,.29,-.44,-.10,-.03,-.58) * f0_3 +
    mat4(-.40,-.41,-.18,-.34,-.03,-.27,.10,-.48,.07,.16,.01,.43,-.17,-.19,.10,-.48) * f0_4 +
    mat4(-.15,-.38,-.35,-.43,-.10,-.48,-.17,-.57,-.31,-.05,-.30,.17,.01,.10,.11,.01) * f0_5 +
    mat4(.13,-.13,-.10,.19,-.29,-.59,-.19,-.58,-.13,-.16,-.39,-.23,.15,.23,.02,.09) * f0_6 +
    mat4(-.50,-.15,-.41,-.61,-.57,-.64,-.52,-.43,.11,.02,.18,.07,.15,.12,.12,.03) * f0_7 +
    mat4(.06,-.04,.10,.28,.00,-.14,.10,-.47,-.36,-.52,-.03,-.90,.08,-.01,-.03,.37) * f0_8 +
    mat4(.04,-.06,-.03,.38,-.13,.16,.16,.32,-.28,-.08,-.05,-.44,.12,.06,.08,.21) * f0_9 +
    mat4(.28,.10,.14,.23,-.08,-.07,-.29,-.13,-.07,-.43,-.23,-.38,.06,.09,-.07,-.13) * f0_10 +
    mat4(.14,.36,.19,.33,-.34,-.36,-.10,-.19,-.06,-.09,-.14,.37,.15,.11,-.03,.58) * f0_11 +
    mat4(.11,.05,.17,.27,.08,-.09,.12,-.11,.36,.16,.11,.06,.14,.12,.17,.11) * f0_12 +
    mat4(.01,.11,.02,.08,.04,.26,.16,.28,.01,-.15,-.04,-.33,.10,.09,.04,.11) * f0_13 +
    mat4(.05,.08,.08,.29,-.11,.17,.01,.29,-.06,-.44,-.09,-.71,-.07,-.58,-.20,-.34) * f0_14 +
    mat4(-.29,-.31,.05,-.64,.06,.03,-.12,.07,.12,.05,-.06,.13,-.13,-.08,-.20,-.17) * f0_15 + vec4(.09,-.01,-.10,.05));
    vec4 f1_13 = relu(
    mat4(-.80,-.46,-.95,.82,-.06,-.39,-1.02,.37,-.07,-.04,-.26,.30,.36,-.48,-.64,.42) * f0_0 +
    mat4(-.11,.12,-.12,.17,-.06,.05,.11,-.11,.27,-.36,-.14,.43,.66,.02,.03,-.01) * f0_1 +
    mat4(.22,-.16,-.34,.14,-.23,.07,.16,-.08,-.20,-.39,-.43,.58,.33,-.13,-.08,.32) * f0_2 +
    mat4(-.24,-.37,-.66,.64,-.18,.03,.01,-.17,.28,-.18,.14,.10,.08,-.27,-.19,.49) * f0_3 +
    mat4(.04,-.04,-.24,-.08,-.70,-.02,-.29,.27,.50,.16,.25,-.14,.13,-.13,-.28,.33) * f0_4 +
    mat4(-.16,-.12,-.33,.40,-.08,-.26,-.42,.31,.25,.01,.17,-.04,.05,-.03,.01,-.11) * f0_5 +
    mat4(.28,-.10,-.00,.12,-.29,-.71,-.84,.66,-.12,-.18,-.30,.27,-.39,.11,.16,.03) * f0_6 +
    mat4(-.26,-.28,-.34,.37,-.30,-.25,-.62,.35,.12,.23,.09,-.06,-.28,.12,.06,-.07) * f0_7 +
    mat4(.21,.29,.23,-.14,.18,-.13,-.17,.54,-.47,-.07,-.81,.63,-.31,.10,.13,-.15) * f0_8 +
    mat4(-.00,.10,.20,.00,.40,.12,.22,-.06,.41,-.32,-.10,.30,-.13,.21,-.07,.06) * f0_9 +
    mat4(-.19,.19,.22,-.08,-.02,-.17,-.11,.30,.09,-.20,-.52,.41,-.03,.17,.03,.03) * f0_10 +
    mat4(-.24,.18,.41,-.23,-.09,-.11,-.02,.17,.26,-.23,-.16,.03,-.06,.28,.18,-.14) * f0_11 +
    mat4(-.08,.11,.07,-.30,-.15,.15,-.16,-.06,.09,-.01,-.08,-.08,-.19,.21,.16,.02) * f0_12 +
    mat4(-.40,-.04,.16,-.04,.01,.21,.39,-.15,-.29,-.01,-.35,.26,-.12,.09,.09,.05) * f0_13 +
    mat4(.06,.13,.10,-.32,.28,.17,.13,-.30,.05,-.34,-.75,.81,.15,-.33,-.52,.27) * f0_14 +
    mat4(-.19,-.22,-.52,.48,.13,.25,.09,-.14,.07,-.03,.11,-.08,.10,-.18,-.28,.43) * f0_15 + vec4(.04,.13,-.12,.11));
    vec4 f1_14 = relu(
    mat4(-.67,.41,1.06,-.89,-.78,-.12,.64,-.94,-.26,.14,.49,-.18,-.48,.37,.44,-.34) * f0_0 +
    mat4(.11,-.14,-.17,-.03,.23,-.17,.03,.10,-.80,.35,-.07,-.12,.01,.16,.04,.12) * f0_1 +
    mat4(-.20,.23,.26,-.25,.16,-.07,.18,.13,-.69,.75,.45,-.36,-.16,-.43,.32,-.34) * f0_2 +
    mat4(-.80,-.03,.96,-.52,.07,-.05,.03,.05,.30,-.48,.08,-.13,-.04,.14,.00,-.18) * f0_3 +
    mat4(-.20,-.70,.46,-.26,-.31,.21,.38,-.25,.29,-.37,-.31,.30,-.42,.54,.68,-.21) * f0_4 +
    mat4(-.40,-.32,.46,-.55,-.20,.10,.32,-.37,.38,-.09,.45,.31,-.01,-.03,-.02,-.09) * f0_5 +
    mat4(-.15,-.06,-.08,-.02,-.61,.24,.80,-.67,-.39,.43,.36,-.29,.08,-.25,-.22,.10) * f0_6 +
    mat4(-.56,.43,.13,-.27,-1.29,.48,.54,-.68,.04,.08,-.03,.03,.07,.03,-.08,.16) * f0_7 +
    mat4(.26,-.11,-.01,.28,-.46,.06,.23,-.17,-.75,.50,.69,-.59,.09,-.69,-.48,.08) * f0_8 +
    mat4(.27,-.07,-.09,.16,.42,.20,-.15,.21,-.31,-.48,.47,-.31,.10,.26,-.20,.14) * f0_9 +
    mat4(.03,.05,-.06,.13,-.14,.07,-.88,-.04,-.76,.06,.69,-.43,-.04,-.03,.09,.03) * f0_10 +
    mat4(.12,-.08,-.03,.23,-.44,-.38,.62,-.14,-.28,-.07,-.07,-.21,.20,-.23,-.16,.14) * f0_11 +
    mat4(.06,-.06,.09,.12,-.05,.13,.00,-.20,-.33,.48,.09,-.15,.11,.04,-.56,.15) * f0_12 +
    mat4(.06,-.24,.24,.07,.50,.04,.03,.39,-.21,.30,-.01,-.25,.08,.02,-.10,.06) * f0_13 +
    mat4(.22,.10,-.18,.06,.28,.05,-.30,.22,-1.22,.33,.26,-.77,-.49,-.04,.15,-.67) * f0_14 +
    mat4(-.42,-.16,.37,-.39,.11,.09,.10,.04,.10,.09,-.18,.20,-.42,.20,.42,-.44) * f0_15 + vec4(.01,-.10,-.04,-.15));
    vec4 f1_15 = relu(
    mat4(-.32,.57,.05,-.73,.06,-.27,.08,-.57,.35,-.24,.05,-.31,-.30,.27,-.13,-.13) * f0_0 +
    mat4(-.13,-.14,-.01,-.15,-.35,.03,-.09,-.13,-.53,-.00,.03,-.33,.35,-.03,.08,-.08) * f0_1 +
    mat4(.72,.14,-.11,.29,.03,.04,-.11,-.12,-.48,.09,.03,-.12,.07,.01,-.01,-.05) * f0_2 +
    mat4(.48,.42,-.07,-.37,.07,-.30,-.16,-.00,.06,.70,.01,-.14,.12,.41,-.09,-.21) * f0_3 +
    mat4(-1.42,.38,-.07,-.30,-.08,.16,-.12,.10,.26,-.11,.01,.05,-.26,.16,-.06,.02) * f0_4 +
    mat4(.04,.26,-.05,-.27,-.19,.42,-.09,.07,-.22,.23,-.07,-.26,-.05,.00,-.04,.08) * f0_5 +
    mat4(-.27,-.01,-.05,.02,.14,.33,.11,-.31,-.68,.28,-.00,-.17,-.07,.12,-.12,.15) * f0_6 +
    mat4(-.16,.36,-.12,-.08,-.14,.48,-.09,-.87,-.07,-.04,.08,.20,.05,-.18,.01,.20) * f0_7 +
    mat4(.05,-.08,.08,-.07,.26,-.14,-.07,.12,.10,.32,.01,-.15,.16,-.21,.09,.08) * f0_8 +
    mat4(.06,-.04,-.04,.04,.08,-.15,.02,.06,-.34,.14,-.01,-.28,.31,-.00,-.15,.10) * f0_9 +
    mat4(-.04,.03,-.05,.14,.45,.06,.08,-.38,.02,.38,-.11,.10,-.08,-.23,-.01,.09) * f0_10 +
    mat4(-.20,-.14,-.07,-.06,.58,.29,-.09,-.44,.09,.31,-.14,-.46,-.73,.17,-.12,.03) * f0_11 +
    mat4(-.14,.06,.05,.03,.10,-.02,-.01,.13,.69,.11,-.08,.29,.01,-.20,.06,-.02) * f0_12 +
    mat4(-.01,-.03,-.12,.00,-.08,-.00,-.07,-.06,.24,.05,-.06,.18,-.11,-.12,-.09,.19) * f0_13 +
    mat4(.09,-.02,-.06,.18,-.21,.03,.01,-.11,.56,.69,.08,.06,-.50,.21,.07,-.16) * f0_14 +
    mat4(.15,.37,.02,.04,.10,-.18,-.03,.23,-.24,-.05,-.04,.14,.11,.34,-.13,-.13) * f0_15 + vec4(.04,.07,-.15,-.03));
    
    float out0 = dot(f1_0, vec4(.18,-.41,-.07,-.11)) + dot(f1_1, vec4(-.08,-.54,-.15,-.03)) + dot(f1_2, vec4(.10,.27,-.84,.25)) + dot(f1_3, vec4(.01,.17,.51,.17)) + dot(f1_4, vec4(-.01,.34,-.05,-.28)) + dot(f1_5, vec4(.38,-.29,-.44,-.18)) + dot(f1_6, vec4(.02,.09,-.48,.12)) + dot(f1_7, vec4(-.46,-.06,-.02,.07)) + dot(f1_8, vec4(.15,-.04,.09,-1.40)) + dot(f1_9, vec4(-.02,-.03,.29,.13)) + dot(f1_10, vec4(.05,-.04,.08,-.04)) + dot(f1_11, vec4(.08,-.39,-.18,.09)) + dot(f1_12, vec4(.22,.04,.24,.13)) + dot(f1_13, vec4(.09,-.02,-.04,.11)) + dot(f1_14, vec4(-.02,.78,-.13,-.08)) + dot(f1_15, vec4(.89,-.37,-.11,.54)) + -.11;
    float out1 = dot(f1_0, vec4(.06,-.44,.05,-.07)) + dot(f1_1, vec4(.10,-.59,-.14,.01)) + dot(f1_2, vec4(.07,.10,-.79,.15)) + dot(f1_3, vec4(-.02,.01,.47,.01)) + dot(f1_4, vec4(.15,.13,.01,-.19)) + dot(f1_5, vec4(.24,-.24,-.41,-.00)) + dot(f1_6, vec4(-.07,.00,-.10,.12)) + dot(f1_7, vec4(-.50,-.01,.19,-.15)) + dot(f1_8, vec4(.12,.05,-.07,-1.18)) + dot(f1_9, vec4(.16,-.30,.08,.12)) + dot(f1_10, vec4(-.04,-.07,.11,.04)) + dot(f1_11, vec4(.12,-.42,-.24,.11)) + dot(f1_12, vec4(.02,-.01,.17,-.14)) + dot(f1_13, vec4(-.16,.10,-.00,.00)) + dot(f1_14, vec4(-.08,.55,.04,.04)) + dot(f1_15, vec4(.43,-.37,-.06,.13)) + -.07;
    float out2 = dot(f1_0, vec4(-.42,-.25,.01,-.14)) + dot(f1_1, vec4(-.09,.08,-.49,-.01)) + dot(f1_2, vec4(-.13,.12,-.46,.25)) + dot(f1_3, vec4(-.10,-.17,.43,-.62)) + dot(f1_4, vec4(.28,-.07,-.08,.07)) + dot(f1_5, vec4(-.07,-.36,-.35,.21)) + dot(f1_6, vec4(.10,.02,-.07,-.17)) + dot(f1_7, vec4(-.35,.16,.58,.33)) + dot(f1_8, vec4(.03,-.10,-.09,-1.04)) + dot(f1_9, vec4(.15,-.36,-.40,.04)) + dot(f1_10, vec4(.32,-.14,-.14,-.03)) + dot(f1_11, vec4(-.03,-.15,-.97,.09)) + dot(f1_12, vec4(-.10,-.04,.00,-.07)) + dot(f1_13, vec4(-1.10,.17,.06,-.19)) + dot(f1_14, vec4(.07,-.07,.57,.06)) + dot(f1_15, vec4(.13,-.35,-.04,-.10)) + .01;
    float out3 = dot(f1_0, vec4(-1.11,-.66,.88,.90)) + dot(f1_1, vec4(.63,-.39,-1.06,1.90)) + dot(f1_2, vec4(-.56,.39,-.18,.79)) + dot(f1_3, vec4(1.24,.79,1.43,.76)) + dot(f1_4, vec4(-.81,-.51,1.54,1.64)) + dot(f1_5, vec4(-.00,-.60,-.31,-.54)) + dot(f1_6, vec4(1.03,.46,-.75,.54)) + dot(f1_7, vec4(-.80,.59,.36,-.79)) + dot(f1_8, vec4(.37,1.21,1.62,.66)) + dot(f1_9, vec4(-1.29,-.32,-.98,.38)) + dot(f1_10, vec4(-1.23,.90,.37,.97)) + dot(f1_11, vec4(.18,-.51,-.46,.40)) + dot(f1_12, vec4(.55,1.00,.46,1.52)) + dot(f1_13, vec4(-.57,.84,1.42,-.86)) + dot(f1_14, vec4(1.65,-.66,-1.24,1.17)) + dot(f1_15, vec4(-.17,-.71,.02,.31)) + -.06;
    return vec4(out0, out1, out2, out3);
}
