vec4 queryNetwork(vec3 p){
    vec4 PE_0 = vec4(p.x,p.y,p.z,sin(1.00*p.x));
    vec4 PE_1 = vec4(sin(1.00*p.y),sin(1.00*p.z),sin(2.00*p.x),sin(2.00*p.y));
    vec4 PE_2 = vec4(sin(2.00*p.z),sin(4.00*p.x),sin(4.00*p.y),sin(4.00*p.z));
    vec4 PE_3 = vec4(sin(8.00*p.x),sin(8.00*p.y),sin(8.00*p.z),sin(16.00*p.x));
    vec4 PE_4 = vec4(sin(16.00*p.y),sin(16.00*p.z),sin(32.00*p.x),sin(32.00*p.y));
    vec4 PE_5 = vec4(sin(32.00*p.z),sin(64.00*p.x),sin(64.00*p.y),sin(64.00*p.z));
    vec4 PE_6 = vec4(sin(128.00*p.x),sin(128.00*p.y),sin(128.00*p.z),sin(256.00*p.x));
    vec4 PE_7 = vec4(sin(256.00*p.y),sin(256.00*p.z),sin(512.00*p.x),sin(512.00*p.y));
    vec4 PE_8 = vec4(sin(512.00*p.z),sin(1024.00*p.x),sin(1024.00*p.y),sin(1024.00*p.z));
    vec4 PE_9 = vec4(sin(2048.00*p.x),sin(2048.00*p.y),sin(2048.00*p.z),sin(4096.00*p.x));
    vec4 PE_10 = vec4(sin(4096.00*p.y),sin(4096.00*p.z),sin(8192.00*p.x),sin(8192.00*p.y));
    vec4 PE_11 = vec4(sin(8192.00*p.z),sin(16384.00*p.x),sin(16384.00*p.y),sin(16384.00*p.z));
    vec4 PE_12 = vec4(cos(1.00*p.x),cos(1.00*p.y),cos(1.00*p.z),cos(2.00*p.x));
    vec4 PE_13 = vec4(cos(2.00*p.y),cos(2.00*p.z),cos(4.00*p.x),cos(4.00*p.y));
    vec4 PE_14 = vec4(cos(4.00*p.z),cos(8.00*p.x),cos(8.00*p.y),cos(8.00*p.z));
    vec4 PE_15 = vec4(cos(16.00*p.x),cos(16.00*p.y),cos(16.00*p.z),cos(32.00*p.x));
    vec4 PE_16 = vec4(cos(32.00*p.y),cos(32.00*p.z),cos(64.00*p.x),cos(64.00*p.y));
    vec4 PE_17 = vec4(cos(64.00*p.z),cos(128.00*p.x),cos(128.00*p.y),cos(128.00*p.z));
    vec4 PE_18 = vec4(cos(256.00*p.x),cos(256.00*p.y),cos(256.00*p.z),cos(512.00*p.x));
    vec4 PE_19 = vec4(cos(512.00*p.y),cos(512.00*p.z),cos(1024.00*p.x),cos(1024.00*p.y));
    vec4 PE_20 = vec4(cos(1024.00*p.z),cos(2048.00*p.x),cos(2048.00*p.y),cos(2048.00*p.z));
    vec4 PE_21 = vec4(cos(4096.00*p.x),cos(4096.00*p.y),cos(4096.00*p.z),cos(8192.00*p.x));
    vec4 PE_22 = vec4(cos(8192.00*p.y),cos(8192.00*p.z),cos(16384.00*p.x),cos(16384.00*p.y));
    vec4 PE_23 = vec4(cos(16384.00*p.z),0.0,0.0,0.0);
    
    vec4 f0_0 = relu(
    mat4(-.01,.20,.16,-.08,-.10,.03,-.34,-.02,-.13,.08,.26,-.08,-.11,.12,.18,-.13) * PE_0 +
    mat4(-.11,-.06,-.09,-.10,.03,.07,.20,-.03,.08,.29,.08,-.11,.22,.09,.11,-.08) * PE_1 +
    mat4(-.04,.24,.16,-.03,-.31,.48,-.13,.13,.51,-.05,.22,.04,-.77,.16,-.17,.09) * PE_2 +
    mat4(.25,.01,.16,.32,.07,-.16,-.28,.22,-.01,-.19,-.28,-.48,.20,.32,.34,.36) * PE_3 +
    mat4(-.01,-.22,.34,.29,.33,-.00,-.24,-.09,.01,.11,.21,-.07,-.06,.05,-.12,.08) * PE_4 +
    mat4(-.11,-.27,-.02,.06,-.02,-.11,-.03,-.10,.03,-.03,.06,.04,-.02,-.12,-.08,-.05) * PE_5 +
    mat4(-.00,.01,.01,.01,-.00,-.00,-.00,.01,.01,-.01,.02,.01,.00,-.01,.01,-.01) * PE_6 +
    mat4(-.00,.01,.00,-.01,-.00,.00,-.01,.01,.00,-.01,-.00,-.00,-.00,.01,-.00,-.00) * PE_7 +
    mat4(-.00,-.01,-.00,-.01,-.00,.01,.00,.01,-.00,-.00,.00,-.02,-.00,-.00,.01,.01) * PE_8 +
    mat4(-.00,-.00,.01,-.01,.00,-.00,.01,-.00,.00,-.01,-.01,.01,-.00,.01,.00,-.01) * PE_9 +
    mat4(-.00,.01,-.01,-.00,-.00,-.01,-.00,.00,-.00,.01,.00,.01,-.01,-.00,-.00,-.00) * PE_10 +
    mat4(-.00,.00,-.01,.00,-.00,-.00,-.00,.00,.00,.00,.00,-.00,-.00,.00,.01,-.01) * PE_11 +
    mat4(-.01,-.01,-.09,.06,-.09,.08,-.17,.09,-.11,.02,-.11,-.03,.04,.12,-.16,.02) * PE_12 +
    mat4(-.05,.01,-.18,.23,-.35,-.00,-.32,.13,.28,-.19,.38,.17,.45,.11,-.23,.13) * PE_13 +
    mat4(-.16,-.30,-.24,.01,.28,.07,-.16,-.03,.05,-.06,.00,.13,.64,.21,-.47,-.21) * PE_14 +
    mat4(.05,-.43,-.39,.38,-.09,-.06,.09,-.31,-.43,-.26,-.25,.28,.04,.33,.06,-.32) * PE_15 +
    mat4(.02,.02,.07,.21,.00,-.20,.11,.26,-.01,.09,.01,.04,.03,-.12,-.00,-.04) * PE_16 +
    mat4(.04,-.03,.02,.01,-.01,.00,.00,-.01,.00,.04,-.00,-.02,.03,-.00,.01,-.01) * PE_17 +
    mat4(-.00,-.00,-.01,.01,.00,.01,.00,.00,-.01,-.01,-.01,-.00,.00,-.00,.00,-.00) * PE_18 +
    mat4(-.00,-.00,.00,-.00,-.00,-.01,-.01,.01,.01,-.02,-.00,-.00,.00,-.00,-.00,.00) * PE_19 +
    mat4(.00,.01,.00,-.00,-.00,.01,.00,-.02,-.00,-.00,.01,.00,.00,.01,.00,-.00) * PE_20 +
    mat4(.01,-.00,.00,-.01,-.00,-.00,.00,.00,-.00,.01,.00,-.00,.00,-.00,.02,.01) * PE_21 +
    mat4(.00,-.00,.00,.00,.00,.00,-.00,-.00,-.01,-.00,-.01,-.00,.01,.00,-.00,-.00) * PE_22 +
    mat4(.00,.01,.00,.00,.00,.00,.00,.00,.00,.00,.00,.00,.00,.00,.00,.00) * PE_23 + vec4(.03,-.14,-.03,.07));
    vec4 f0_1 = relu(
    mat4(.26,-.17,.46,.01,.25,-.07,-.27,.36,.23,.08,-.10,.10,.17,-.16,.29,.16) * PE_0 +
    mat4(.15,-.03,-.36,.26,.14,.04,-.00,-.02,.27,-.20,.14,.08,.31,.05,-.20,.06) * PE_1 +
    mat4(.23,.18,-.02,.15,.22,.35,-.17,-.70,.20,-.09,-.20,-.28,.35,.23,.32,-.42) * PE_2 +
    mat4(-.29,.21,-.07,.48,-.22,.38,-.52,-.13,.07,.16,.41,.28,-.27,.24,.04,.18) * PE_3 +
    mat4(.11,-.18,-.33,-.27,-.29,.25,-.26,-.28,-.01,.00,-.02,-.14,-.10,-.17,-.04,-.02) * PE_4 +
    mat4(.04,.11,.25,.03,.01,.11,-.02,.01,-.04,.02,-.01,.03,.05,.01,.07,-.00) * PE_5 +
    mat4(-.01,-.01,-.00,-.00,.01,-.00,.01,.00,-.01,.03,-.00,.00,.00,.01,-.02,-.01) * PE_6 +
    mat4(.01,-.02,-.00,-.00,.00,-.00,-.00,.01,-.01,-.00,.00,-.01,.00,-.00,.01,-.00) * PE_7 +
    mat4(.01,-.00,-.00,.00,.01,-.01,.00,.01,.00,-.01,-.00,-.01,.00,.00,.00,.00) * PE_8 +
    mat4(-.00,.00,-.00,-.00,-.00,-.01,.01,-.01,-.02,.00,.00,-.01,.00,-.01,.01,-.01) * PE_9 +
    mat4(-.00,-.00,.01,-.00,.01,.00,-.00,.01,-.01,-.01,-.01,.01,-.00,.01,-.00,.00) * PE_10 +
    mat4(.01,.00,.00,-.00,-.00,-.01,-.00,.01,.00,.00,-.00,.00,-.00,-.00,.01,.00) * PE_11 +
    mat4(.04,.12,-.05,.06,.07,.09,-.04,.03,.07,-.06,.12,.05,-.03,.13,-.40,-.19) * PE_12 +
    mat4(.14,.00,-.21,-.13,.13,.06,-.00,-.30,-.39,.10,-.37,-.31,.19,-.02,-.22,-.33) * PE_13 +
    mat4(-.33,-.19,.37,-.10,.09,-.16,.22,.26,-.47,.22,-.33,-.31,-.19,-.25,-.28,.19) * PE_14 +
    mat4(-.03,.11,-.09,-.02,.10,-.29,-.35,-.07,-.08,-.04,.08,.27,.04,-.28,.05,.02) * PE_15 +
    mat4(-.14,.14,-.18,-.11,.20,-.00,.08,.14,.07,-.10,.01,-.01,-.04,.05,-.03,-.00) * PE_16 +
    mat4(-.09,-.01,.04,.02,.00,.02,-.00,-.01,.02,.01,-.00,.00,-.03,.00,-.03,.01) * PE_17 +
    mat4(.01,.01,-.00,.01,-.01,.01,.00,-.01,.01,.00,-.02,.01,-.00,-.00,-.00,.00) * PE_18 +
    mat4(.00,.01,.01,.00,-.01,.01,-.01,.01,-.00,-.01,.00,-.01,.01,-.00,-.00,-.00) * PE_19 +
    mat4(-.00,.00,.01,.00,-.00,.01,-.00,-.01,-.00,-.01,-.00,.00,-.00,-.01,.01,.01) * PE_20 +
    mat4(.00,-.01,.01,.00,-.00,.00,.00,.00,-.01,.00,-.01,.00,-.00,.00,.00,-.00) * PE_21 +
    mat4(-.00,-.00,-.00,-.00,-.00,-.01,-.00,.00,.01,-.00,-.01,-.01,-.01,.01,.00,-.01) * PE_22 +
    mat4(-.00,.00,-.00,.00,.00,.00,.00,.00,.00,.00,.00,.00,.00,.00,.00,.00) * PE_23 + vec4(-.07,-.03,.07,-.02));
    vec4 f0_2 = relu(
    mat4(.13,.16,-.20,.06,.53,-.05,.02,.17,-.01,-.06,-.01,.14,.15,.08,-.11,.12) * PE_0 +
    mat4(.50,.02,-.02,.14,-.01,-.08,-.04,.25,.31,.22,-.27,.05,.44,-.20,.02,.10) * PE_1 +
    mat4(.08,-.09,-.02,.32,.09,.01,-.11,.32,-.08,-.36,.08,-.02,.46,-.62,.08,.34) * PE_2 +
    mat4(.14,-.38,.28,-.15,-.75,-.07,.09,-.34,-.13,.16,-.51,-.09,-.36,.12,.11,.30) * PE_3 +
    mat4(.51,-.07,.06,.50,-.50,.09,-.03,.31,.02,.02,-.29,-.22,.46,.02,.20,-.09) * PE_4 +
    mat4(-.16,-.20,-.05,.14,.01,-.02,-.01,-.01,-.05,-.00,-.01,.07,.08,.12,-.08,.11) * PE_5 +
    mat4(.00,.01,-.00,-.01,-.01,-.01,.00,.00,-.03,.05,.01,-.01,-.00,.00,-.00,.01) * PE_6 +
    mat4(.00,-.01,-.00,-.01,-.01,-.00,.00,.01,.01,.00,-.00,.00,.00,-.00,-.00,.00) * PE_7 +
    mat4(.02,.00,-.00,.01,-.01,.00,.00,-.00,-.01,-.01,-.01,-.00,.01,.00,.01,-.01) * PE_8 +
    mat4(.01,-.01,.01,.00,-.01,.01,.00,.00,-.01,-.01,-.01,-.00,-.01,-.00,.01,-.00) * PE_9 +
    mat4(.01,-.01,-.00,-.00,-.00,-.00,.01,.00,-.01,-.01,-.01,-.00,-.01,.01,-.00,.00) * PE_10 +
    mat4(-.01,-.00,-.00,-.00,-.00,-.00,.00,-.01,.00,-.00,.00,-.01,.02,-.01,-.00,-.00) * PE_11 +
    mat4(-.30,.12,.11,-.07,-.14,.10,.14,.01,-.06,-.02,.15,-.09,-.65,.17,.20,-.21) * PE_12 +
    mat4(-.03,.15,.20,.06,-.03,.16,.21,-.31,-.37,.34,.24,-.26,.22,-.41,-.07,.03) * PE_13 +
    mat4(.19,-.09,.02,-.40,.32,-.23,.14,.13,.24,-.48,.45,.18,.35,.31,-.22,.53) * PE_14 +
    mat4(-.11,-.01,.21,.42,-.09,-.24,-.20,-.17,-.05,.38,.03,-.12,.19,-.04,-.19,.06) * PE_15 +
    mat4(-.33,-.20,.17,.29,.60,.17,.22,.06,.09,-.10,.02,.10,-.02,.12,.01,-.04) * PE_16 +
    mat4(.07,-.05,-.10,.05,.02,.01,.01,-.01,.02,.02,-.04,.01,-.01,.00,.02,-.01) * PE_17 +
    mat4(.01,.01,.02,.01,.01,-.01,.00,-.01,-.00,.02,-.00,.01,-.00,-.00,.01,.00) * PE_18 +
    mat4(-.01,.01,.00,.00,.02,-.00,.00,-.01,-.00,-.00,-.01,.01,.01,.00,.01,.00) * PE_19 +
    mat4(.02,-.00,.00,.01,-.01,.00,-.00,.00,-.01,.01,.00,-.01,-.01,.00,-.01,-.01) * PE_20 +
    mat4(.00,-.02,.00,-.01,.01,-.00,.00,-.01,-.02,.00,-.01,-.00,-.01,-.00,.01,-.01) * PE_21 +
    mat4(.00,.00,-.01,.00,.00,-.00,.00,-.00,-.02,-.00,.01,.01,.00,-.01,-.01,.00) * PE_22 +
    mat4(-.00,.01,-.00,.01,.00,.00,.00,.00,.00,.00,.00,.00,.00,.00,.00,.00) * PE_23 + vec4(-.08,.07,-.08,-.18));
    vec4 f0_3 = relu(
    mat4(.53,.03,-.11,-.01,-.17,-.00,-.14,.22,.22,.14,-.28,-.00,.37,-.01,.08,.21) * PE_0 +
    mat4(-.22,.03,-.03,.10,.11,.18,-.29,.06,.07,.06,.15,.41,-.02,.06,-.09,.02) * PE_1 +
    mat4(.22,.19,-.19,.02,.09,.24,-.04,-.19,.17,-.06,.27,-.29,.05,.14,.26,.32) * PE_2 +
    mat4(-.34,-.16,.29,-.22,-.29,.04,-.09,-.49,-.04,-.39,-.22,-.35,.32,-.36,-.50,.06) * PE_3 +
    mat4(.05,-.37,.24,.23,-.29,.01,.29,-.05,.07,.13,.06,-.11,-.07,-.08,-.20,-.05) * PE_4 +
    mat4(-.07,.13,-.04,-.04,.01,.04,.05,-.03,.03,-.05,.04,.06,-.03,.02,-.05,.04) * PE_5 +
    mat4(.00,.00,-.01,.00,.01,.00,.00,-.01,.02,.02,.02,-.01,-.00,-.00,-.02,-.01) * PE_6 +
    mat4(.01,.00,.00,.01,-.02,-.01,.01,.00,-.00,.01,-.01,.00,-.00,-.01,.00,-.01) * PE_7 +
    mat4(-.00,.01,.00,.01,-.00,-.00,-.01,-.00,-.00,-.01,.00,-.01,-.02,.00,-.00,.00) * PE_8 +
    mat4(.00,.01,-.00,-.01,.01,-.00,-.01,.02,.00,.00,.00,.01,.01,.00,.00,.01) * PE_9 +
    mat4(-.00,-.01,-.00,-.00,.00,.00,.00,.00,-.00,-.01,-.00,.00,-.01,.01,.01,-.00) * PE_10 +
    mat4(-.01,.01,.00,.00,-.01,-.00,.01,.00,-.00,-.01,.00,.00,.00,.01,-.00,-.01) * PE_11 +
    mat4(-.20,-.01,-.06,-.13,-.14,.00,.00,.01,-.11,.02,-.09,.08,.01,-.09,-.35,-.07) * PE_12 +
    mat4(-.26,.01,-.18,-.09,-.24,.07,.04,.22,.11,-.41,-.31,-.15,-.17,.23,-.26,-.25) * PE_13 +
    mat4(.19,-.26,.01,.41,-.31,.20,.20,-.78,.40,-.35,-.37,-.20,-.32,.19,-.06,-.03) * PE_14 +
    mat4(.12,.14,.18,-.13,-.21,.48,.43,-.06,-.54,-.38,-.16,.17,-.04,.04,.06,-.02) * PE_15 +
    mat4(.06,-.04,.12,.25,-.11,.31,.01,.03,-.01,-.09,-.00,.03,.01,.03,.02,-.03) * PE_16 +
    mat4(-.05,-.01,-.01,-.01,.00,.00,-.01,.00,-.00,-.02,-.02,.00,.02,-.02,.01,-.01) * PE_17 +
    mat4(.00,-.00,.00,.00,.01,-.00,-.01,.00,-.01,-.01,-.00,-.02,-.01,.02,-.00,-.00) * PE_18 +
    mat4(.01,-.02,.00,-.01,.01,.01,.01,.00,-.00,-.00,-.01,-.00,-.00,.00,-.01,-.00) * PE_19 +
    mat4(.01,.01,-.01,.00,-.01,.00,.00,.00,.00,-.00,.01,.00,.00,-.00,.02,.01) * PE_20 +
    mat4(-.00,-.00,-.00,.00,.01,-.02,.01,.01,-.00,.00,-.01,-.00,.01,-.02,.00,-.00) * PE_21 +
    mat4(-.01,-.00,.01,.00,.00,.00,-.00,.00,-.00,-.00,-.01,.00,.01,-.01,-.00,.01) * PE_22 +
    mat4(.01,.00,.00,-.00,.00,.00,.00,.00,.00,.00,.00,.00,.00,.00,.00,.00) * PE_23 + vec4(-.04,.04,-.06,-.04));
    vec4 f0_4 = relu(
    mat4(-.23,-.02,.07,.44,.03,-.08,.15,.69,-.13,.13,-.02,-.12,-.27,.01,-.04,.21) * PE_0 +
    mat4(.09,-.03,.12,.51,-.01,.15,-.00,-.06,-.27,-.10,.08,.11,.16,-.07,.12,.29) * PE_1 +
    mat4(-.03,.18,.18,.05,.33,.02,.43,.01,.17,.02,.13,-.16,.17,.08,.43,.16) * PE_2 +
    mat4(.31,-.01,.35,-.04,-.13,.18,-.16,-.62,.02,-.02,-.33,-.34,.39,.11,.35,-.14) * PE_3 +
    mat4(.11,-.25,-.19,.08,-.50,-.06,.27,-.15,.18,-.24,.10,.02,-.06,-.03,.16,-.02) * PE_4 +
    mat4(-.46,-.20,-.26,-.09,-.03,.08,.02,-.02,.18,.05,.09,-.03,-.08,.07,-.10,-.03) * PE_5 +
    mat4(.01,.02,.00,-.01,.01,-.01,-.00,.01,.02,.04,-.02,.02,-.00,-.00,-.00,-.01) * PE_6 +
    mat4(-.03,.01,-.01,.00,.00,-.00,-.01,-.01,.00,.01,.03,-.01,-.00,.01,.00,.01) * PE_7 +
    mat4(.01,-.00,-.00,-.01,.01,.01,.00,.00,.00,-.00,.00,-.00,-.01,.00,.01,-.00) * PE_8 +
    mat4(.01,.00,.01,.00,-.00,-.00,-.00,.00,-.01,-.01,-.02,.00,-.00,-.01,-.01,-.00) * PE_9 +
    mat4(.00,-.00,.00,-.01,.00,-.00,.00,-.01,.00,-.01,-.01,.00,.01,.00,-.00,.00) * PE_10 +
    mat4(.00,-.00,-.00,-.01,.00,-.01,-.00,.00,-.02,-.01,.00,.00,.00,-.01,.00,.01) * PE_11 +
    mat4(.04,.13,-.07,-.04,.03,.11,-.10,-.04,-.03,.03,-.12,-.20,-.11,.37,.06,-.09) * PE_12 +
    mat4(-.06,.19,-.06,-.13,-.02,.16,.01,-.56,-.07,.13,.50,-.27,.05,.15,-.28,-.02) * PE_13 +
    mat4(-.34,-.06,.14,-.29,-.23,.06,-.04,-.62,-.08,-.11,.34,-.12,-.34,.20,.06,-.10) * PE_14 +
    mat4(-.41,-.01,-.25,.10,-.47,.07,.08,.05,-.40,-.20,-.24,-.58,.07,.18,.25,.05) * PE_15 +
    mat4(.07,.13,.05,-.05,.11,-.05,.19,-.17,-.04,.01,-.02,.01,.02,.01,.04,-.00) * PE_16 +
    mat4(.05,.06,.05,-.07,.04,-.02,-.01,.01,.01,-.03,-.01,.01,.01,.02,-.01,.00) * PE_17 +
    mat4(.02,.00,.01,.01,.01,-.01,-.02,.00,-.00,.00,-.00,.03,.01,.01,.01,.00) * PE_18 +
    mat4(.01,-.00,.00,.00,-.00,-.00,.01,-.00,-.00,.00,-.00,.01,-.01,-.00,-.01,-.00) * PE_19 +
    mat4(.01,-.01,.01,-.00,-.00,.01,-.00,.00,-.01,-.00,-.02,.00,.00,-.01,-.00,.00) * PE_20 +
    mat4(.01,.00,.00,.00,-.00,-.01,-.00,-.00,-.00,-.00,.01,-.00,-.00,.00,.01,.00) * PE_21 +
    mat4(.00,-.01,-.00,.00,-.01,.00,.00,-.00,.00,-.01,-.01,.00,-.01,-.00,-.01,.00) * PE_22 +
    mat4(-.01,.01,.01,-.01,.00,.00,.00,.00,.00,.00,.00,.00,.00,.00,.00,.00) * PE_23 + vec4(-.15,.03,-.17,-.02));
    vec4 f0_5 = relu(
    mat4(-.20,.33,-.08,-.32,.27,-.13,-.22,-.03,.04,.36,.05,-.55,-.19,.39,-.18,-.26) * PE_0 +
    mat4(.20,-.18,-.21,-.06,-.09,.27,-.01,-.41,-.33,.19,-.32,-.09,.34,.10,.05,-.28) * PE_1 +
    mat4(.06,.22,-.11,-.44,-.00,-.10,-.25,.43,.25,.45,.32,-.43,.14,.04,-.48,.09) * PE_2 +
    mat4(.38,-.02,-.04,.32,-.08,-.18,.47,-.40,-.32,-.62,.48,.57,-.23,.08,-.33,.29) * PE_3 +
    mat4(.40,-.03,-.11,.10,-.09,-.25,-.21,-.03,-.05,-.01,-.03,-.06,-.09,.07,.07,.04) * PE_4 +
    mat4(-.11,-.60,.16,.01,-.01,.02,-.02,.02,-.09,.01,-.02,-.01,.01,-.09,.03,.03) * PE_5 +
    mat4(-.02,-.00,-.01,-.00,-.01,-.00,-.01,-.01,.02,.00,.01,.01,.01,-.00,-.00,.01) * PE_6 +
    mat4(.00,.01,-.00,-.01,-.00,-.00,-.01,.01,.01,.00,-.01,-.00,.00,-.01,-.00,-.00) * PE_7 +
    mat4(.00,-.01,.01,-.00,.01,.00,.01,.00,.00,-.01,-.01,-.01,.01,-.00,.01,.00) * PE_8 +
    mat4(.01,-.00,.00,-.01,.00,-.01,.00,-.00,.01,.00,.01,-.01,.00,-.01,.00,.01) * PE_9 +
    mat4(-.01,.00,-.00,.00,-.00,-.00,-.00,-.01,-.00,.00,-.01,-.00,-.01,.01,-.01,.01) * PE_10 +
    mat4(-.01,.00,-.00,-.00,-.01,-.00,-.01,-.01,.01,.00,.01,.00,.00,.00,.00,-.00) * PE_11 +
    mat4(.04,-.16,-.06,-.06,.12,-.07,-.01,-.04,-.00,-.17,-.10,.05,-.07,.36,.07,-.17) * PE_12 +
    mat4(.18,-.28,-.15,.01,.03,-.51,-.41,.11,-.21,.67,-.06,.26,-.02,-.05,-.20,.20) * PE_13 +
    mat4(-.00,-.49,-.41,.26,.12,.13,.26,-.23,.35,-.21,.27,-.33,-.07,-.15,.09,.15) * PE_14 +
    mat4(.37,-.09,-.01,.12,-.06,.02,.01,.26,-.36,-.04,.18,-.08,.03,.09,.12,-.05) * PE_15 +
    mat4(-.12,.10,.15,.01,.05,-.10,-.13,.10,-.01,.01,.05,-.06,.03,.01,-.00,.00) * PE_16 +
    mat4(-.03,-.01,-.01,-.01,.00,-.01,-.00,.01,.02,-.01,-.01,-.01,.01,-.04,.00,.00) * PE_17 +
    mat4(-.01,.01,-.00,-.00,-.02,.00,-.00,-.01,.02,.01,.01,-.01,.00,-.00,-.01,-.01) * PE_18 +
    mat4(.01,-.00,-.00,-.01,.01,-.00,-.00,.00,-.01,-.01,.00,-.00,-.01,-.00,.00,-.01) * PE_19 +
    mat4(-.00,-.01,-.01,.00,.00,-.00,-.00,-.01,-.00,.00,-.00,.01,-.00,.00,-.01,-.00) * PE_20 +
    mat4(-.01,.00,.00,.00,-.01,.00,.01,-.01,-.00,.01,-.01,.00,-.01,-.00,-.00,-.00) * PE_21 +
    mat4(-.01,.00,-.01,-.01,-.00,.00,-.01,-.00,-.01,.01,.01,.00,.00,.00,.00,.00) * PE_22 +
    mat4(.00,.00,-.00,.01,.00,.00,.00,.00,.00,.00,.00,.00,.00,.00,.00,.00) * PE_23 + vec4(.05,-.20,.07,.11));
    vec4 f0_6 = relu(
    mat4(.21,-.44,.23,-.23,-.43,.23,.05,.14,.26,-.21,.16,-.32,.18,-.27,.19,-.32) * PE_0 +
    mat4(-.30,.29,.05,.08,.19,-.05,.15,-.39,.12,.06,-.00,-.20,.12,.13,.17,.04) * PE_1 +
    mat4(.14,-.12,.15,-.22,-.33,-.28,.13,.50,.59,.08,.11,.54,-.01,.09,.22,-.08) * PE_2 +
    mat4(-.27,.13,.42,.38,.10,.28,-.06,-.04,.64,-.21,.19,-.33,.04,-.44,.02,.17) * PE_3 +
    mat4(-.03,-.15,.21,-.03,-.10,.18,.06,.49,-.07,.02,.47,-.02,.04,-.01,-.20,-.17) * PE_4 +
    mat4(.10,.13,-.04,.06,.01,-.03,.07,.03,-.02,.03,-.04,.01,.02,-.01,-.09,-.04) * PE_5 +
    mat4(.00,-.00,.01,-.00,.00,-.00,-.00,.00,.01,.00,.02,.00,.00,.00,-.01,-.01) * PE_6 +
    mat4(-.00,.00,.01,.01,.01,-.00,.00,.02,.00,.01,.00,.01,-.00,-.00,.00,.01) * PE_7 +
    mat4(-.00,.00,-.02,-.00,-.00,.01,.01,-.00,-.00,-.01,.01,.00,-.00,.00,-.00,-.01) * PE_8 +
    mat4(-.01,-.00,.00,.00,-.01,.01,.00,-.01,.00,-.01,.00,-.00,.00,-.00,-.02,.00) * PE_9 +
    mat4(-.01,-.00,.02,.00,.00,-.00,.00,-.00,-.00,-.01,.00,-.01,.00,.01,.01,-.01) * PE_10 +
    mat4(.00,.00,.00,-.00,-.00,.00,-.01,-.01,.00,-.01,-.00,.00,-.00,.00,-.01,-.01) * PE_11 +
    mat4(-.04,-.26,-.10,-.21,-.06,-.18,-.09,-.04,-.20,-.02,.04,-.03,-.35,-.10,-.17,.03) * PE_12 +
    mat4(-.14,-.15,.03,-.00,-.40,-.02,-.03,-.18,.18,.27,-.26,.14,-.08,-.12,.20,.33) * PE_13 +
    mat4(.11,-.04,-.56,.08,.40,-.62,-.27,.06,-.01,.35,.34,.25,.26,-.02,-.32,-.42) * PE_14 +
    mat4(-.04,.29,-.21,.30,.32,-.27,-.04,.16,.50,-.20,-.44,.66,-.08,-.10,.15,-.02) * PE_15 +
    mat4(.08,.00,-.09,-.00,.07,.05,-.33,-.09,-.03,-.03,-.06,-.01,-.01,.01,.06,.02) * PE_16 +
    mat4(.08,-.00,.00,.04,-.00,-.01,.00,.01,.01,-.01,.05,.01,.00,-.00,-.02,-.02) * PE_17 +
    mat4(.01,.00,.00,.01,.00,-.01,.01,-.00,.00,.00,-.01,-.00,.01,-.01,.01,.01) * PE_18 +
    mat4(.01,-.00,-.00,.01,.00,-.00,.01,-.01,.00,.01,-.02,-.00,-.01,.00,-.01,.00) * PE_19 +
    mat4(-.00,-.00,.01,.01,.00,-.01,.01,-.00,-.01,.00,-.01,-.01,-.00,-.00,.00,-.00) * PE_20 +
    mat4(-.01,.00,.01,-.00,.01,.00,-.01,.00,-.01,.00,-.01,-.01,-.00,.01,-.01,.00) * PE_21 +
    mat4(-.00,.01,-.00,-.00,-.00,.00,-.03,.01,.00,-.00,.01,.00,.01,-.00,.01,.00) * PE_22 +
    mat4(.00,.00,.01,-.01,.00,.00,.00,.00,.00,.00,.00,.00,.00,.00,.00,.00) * PE_23 + vec4(.01,-.07,-.08,-.10));
    vec4 f0_7 = relu(
    mat4(-.31,.25,.24,-.17,.21,.12,.10,-.07,-.19,-.15,.16,.05,-.19,.47,.17,.05) * PE_0 +
    mat4(.14,.07,.08,.10,-.21,-.07,.17,-.11,-.21,.27,.29,-.06,.31,.14,.08,-.09) * PE_1 +
    mat4(-.01,-.20,.18,.11,.34,-.65,-.01,.24,.40,.14,-.01,-.08,.12,-.05,.37,.14) * PE_2 +
    mat4(.37,.31,.16,.02,.12,.31,-.11,.16,.06,.11,.13,-.09,-.09,.16,-.19,.29) * PE_3 +
    mat4(.08,-.12,-.22,-.23,.04,-.82,.17,-.06,-.13,-.08,.26,-.28,-.18,.06,.05,.06) * PE_4 +
    mat4(-.03,.40,.06,-.34,.02,-.01,.01,.07,.03,.05,-.06,-.06,.08,-.11,.07,.02) * PE_5 +
    mat4(-.01,.00,-.02,-.01,.00,-.01,.00,.01,.00,-.03,-.04,.01,-.01,-.01,.02,-.00) * PE_6 +
    mat4(-.00,-.01,.01,-.01,.01,.01,-.01,-.02,-.01,.01,.00,-.00,.00,.00,-.01,.03) * PE_7 +
    mat4(-.01,-.01,.01,-.02,-.00,.00,.00,.01,-.00,.00,-.01,-.00,.01,.00,.00,-.00) * PE_8 +
    mat4(-.00,-.00,.00,.00,.00,-.00,-.00,-.01,-.01,.00,-.01,-.01,-.01,.00,-.01,-.01) * PE_9 +
    mat4(-.00,.00,.01,-.00,.01,-.01,.00,.01,-.01,-.01,-.00,.00,-.00,.00,-.00,-.01) * PE_10 +
    mat4(.00,.01,.01,-.00,.00,-.00,-.01,.00,.00,-.01,.00,.00,-.02,.00,-.01,-.00) * PE_11 +
    mat4(-.07,.08,.03,.04,-.09,.10,-.12,.08,.04,-.06,-.08,.10,-.24,-.00,.06,.13) * PE_12 +
    mat4(.14,.00,-.07,.06,.04,.20,-.01,.12,-.37,-.12,.32,.13,.12,.01,-.26,.01) * PE_13 +
    mat4(-.15,.22,-.30,.03,.07,.22,.17,.13,.19,.47,.28,-.11,-.27,.02,-.01,.23) * PE_14 +
    mat4(.02,-.10,.29,.38,-.08,.06,-.34,-.12,-.30,-.22,-.18,-.06,.11,.13,-.03,.09) * PE_15 +
    mat4(.12,.01,.06,-.21,-.55,-.43,-.31,.10,-.03,.07,-.02,-.04,.08,-.00,-.01,-.26) * PE_16 +
    mat4(-.01,.06,-.09,-.14,-.00,-.00,.01,.00,.01,-.01,.01,.02,.06,-.03,-.08,.00) * PE_17 +
    mat4(-.00,-.01,.00,-.00,.02,.01,.01,-.00,-.01,-.03,-.01,-.02,-.01,-.00,.02,.02) * PE_18 +
    mat4(.01,.01,-.00,-.02,.00,.01,-.00,.02,-.01,-.02,-.01,.01,-.00,-.01,-.01,-.01) * PE_19 +
    mat4(-.01,.01,-.00,-.00,.00,.01,.01,.01,.01,.00,-.01,.01,-.00,.00,-.00,-.01) * PE_20 +
    mat4(-.01,.00,.02,.00,.01,-.00,.00,.00,-.00,-.01,.00,.00,.00,-.01,-.01,.00) * PE_21 +
    mat4(.00,.01,.00,-.01,.00,.00,.00,.01,-.01,-.01,.01,.00,-.01,.00,.00,-.00) * PE_22 +
    mat4(-.02,-.00,-.01,.02,.00,.00,.00,.00,.00,.00,.00,.00,.00,.00,.00,.00) * PE_23 + vec4(-.02,-.03,-.19,-.00));
    vec4 f0_8 = relu(
    mat4(.11,.15,.46,-.05,.20,-.12,.21,-.10,-.34,.04,.07,-.00,-.05,.00,.28,-.06) * PE_0 +
    mat4(-.01,.15,.36,.01,-.28,.11,.03,.10,-.00,-.38,.06,-.04,-.10,.32,.30,-.11) * PE_1 +
    mat4(-.04,.15,-.01,.18,-.08,-.62,.05,-.23,-.19,.52,.14,-.13,.40,.06,.06,.43) * PE_2 +
    mat4(.09,-.18,-.64,-.02,.49,-.11,.53,-.05,-.21,.06,-.49,-.18,.36,.33,.07,.46) * PE_3 +
    mat4(-.02,-.08,.15,-.26,-.01,-.08,.13,.36,.01,-.01,-.13,-.02,.07,.07,-.02,-.19) * PE_4 +
    mat4(-.06,.14,-.03,-.05,-.01,-.02,-.00,-.08,.03,.03,-.03,.04,-.01,-.03,.02,-.05) * PE_5 +
    mat4(.00,-.00,.00,-.01,-.00,-.01,.01,-.01,-.01,.00,-.01,-.03,-.00,-.00,-.00,.01) * PE_6 +
    mat4(-.00,-.00,-.00,.00,-.00,.01,-.01,.01,.00,-.01,.01,.00,-.01,-.01,-.00,.01) * PE_7 +
    mat4(.01,-.01,-.00,.00,.00,-.01,.00,.01,-.00,-.00,.01,-.01,.00,.00,-.00,-.01) * PE_8 +
    mat4(-.00,-.00,.00,-.00,-.00,-.00,-.00,.00,.00,-.01,.00,-.00,.00,-.00,.00,-.01) * PE_9 +
    mat4(.01,-.00,-.00,-.00,-.00,.00,-.01,.01,-.00,.01,.01,-.00,-.01,.00,.00,.01) * PE_10 +
    mat4(-.00,.00,-.01,.01,.00,.00,.01,-.01,-.00,-.00,.01,.00,.00,-.00,-.01,.00) * PE_11 +
    mat4(-.10,-.12,-.14,.04,-.13,-.19,-.30,-.05,-.23,.01,-.15,.01,-.07,.21,.02,.15) * PE_12 +
    mat4(.04,-.27,-.18,.12,-.32,-.06,-.35,.21,.61,.28,.68,.35,.31,-.21,.18,.09) * PE_13 +
    mat4(-.70,-.45,.39,.16,-.44,-.50,-.01,-.18,-.02,.40,-.33,.27,-.09,-.32,.23,.04) * PE_14 +
    mat4(-.03,-.18,.04,-.11,-.05,-.04,.21,.09,.39,.25,-.08,-.00,.09,.06,-.01,-.12) * PE_15 +
    mat4(.04,.01,-.12,-.31,-.07,-.02,-.08,.26,-.00,.01,.00,-.02,-.01,.01,.00,.02) * PE_16 +
    mat4(.01,.02,.01,.00,-.00,.01,-.01,-.00,-.01,-.01,.00,.02,-.00,.01,-.00,.01) * PE_17 +
    mat4(-.01,.01,-.00,-.01,-.01,-.00,-.00,.01,-.00,-.01,-.00,-.00,.01,.00,-.01,-.00) * PE_18 +
    mat4(-.00,.00,.01,.01,-.00,-.00,-.00,.01,.00,-.00,.00,-.01,.00,.00,.00,-.01) * PE_19 +
    mat4(-.00,-.01,-.01,.00,-.00,.01,-.00,-.00,-.00,-.01,-.01,.00,.01,.00,.00,-.00) * PE_20 +
    mat4(-.00,.00,-.01,.01,.00,.00,-.00,.02,.01,.00,.00,-.00,.01,.00,.01,-.00) * PE_21 +
    mat4(.01,.00,-.00,.01,.00,-.01,-.00,-.00,-.00,.00,.01,.00,-.01,-.00,.00,-.01) * PE_22 +
    mat4(.00,.00,-.01,.00,.00,.00,.00,.00,.00,.00,.00,.00,.00,.00,.00,.00) * PE_23 + vec4(-.09,-.05,-.06,-.03));
    vec4 f0_9 = relu(
    mat4(.01,.31,-.38,-.09,.21,-.11,-.14,.04,.19,.28,-.02,.02,.10,.05,-.13,-.12) * PE_0 +
    mat4(.18,-.05,-.09,.05,.16,.27,-.02,.14,.02,-.29,-.20,-.07,.18,-.11,.02,.06) * PE_1 +
    mat4(.22,.13,.02,.07,-.04,-.23,-.20,.12,.09,.16,-.11,.02,.19,.07,.15,-.09) * PE_2 +
    mat4(-.02,-.08,.17,.41,.10,-.27,-.78,.13,-.07,-.29,-.15,.34,.11,-.31,-.21,-.24) * PE_3 +
    mat4(.00,-.12,.69,-.11,.00,.02,-.06,-.26,.22,-.02,.08,-.22,.44,-.08,.06,.02) * PE_4 +
    mat4(-.38,.22,.18,.23,.05,-.01,-.01,-.07,.07,.01,.02,-.03,.14,.06,.02,.07) * PE_5 +
    mat4(-.02,.02,-.02,-.00,.02,.01,.00,.01,.04,.00,-.01,-.00,-.01,-.01,.01,-.00) * PE_6 +
    mat4(.01,-.00,.00,.01,.01,.00,-.01,-.01,.00,.00,.01,-.01,-.00,.01,-.01,-.00) * PE_7 +
    mat4(-.01,-.01,.01,-.01,-.01,.01,.00,.00,-.01,-.01,-.00,.01,.00,-.00,-.01,.00) * PE_8 +
    mat4(.00,-.00,-.01,-.01,-.01,-.01,.00,.00,.01,.00,-.00,-.00,-.01,-.00,.00,.01) * PE_9 +
    mat4(-.00,.01,.01,-.01,.00,-.01,.01,.00,.01,.01,-.01,-.00,.01,.00,.00,-.01) * PE_10 +
    mat4(-.01,-.00,-.01,.00,-.00,-.00,.00,.02,.00,.00,.01,-.01,.02,-.00,-.00,-.00) * PE_11 +
    mat4(.14,-.09,-.07,.11,.05,.04,-.05,.04,-.06,-.11,.03,.12,.22,-.05,-.36,.29) * PE_12 +
    mat4(.03,-.17,-.13,.10,.16,-.30,-.03,.10,.13,.74,-.23,-.20,-.00,-.10,-.19,-.14) * PE_13 +
    mat4(-.07,-.28,.13,.26,.42,-.01,.21,-.33,-.03,.06,.05,-.64,.38,-.49,-.23,.61) * PE_14 +
    mat4(-.14,-.18,.18,-.16,.53,-.11,-.17,.11,.21,-.16,.05,.12,-.22,.01,-.10,-.01) * PE_15 +
    mat4(-.22,-.06,.13,.18,-.06,-.17,-.13,-.18,-.08,.03,-.09,.05,.03,-.04,.01,.02) * PE_16 +
    mat4(.12,-.05,.12,.01,-.02,.00,-.02,.02,-.03,.01,-.02,.00,.01,-.01,.00,.01) * PE_17 +
    mat4(-.00,.01,-.00,.01,.00,-.01,-.00,-.00,-.01,-.01,.00,-.00,-.01,-.00,.00,.01) * PE_18 +
    mat4(-.01,-.00,.00,.01,-.01,.01,-.01,-.00,.01,.00,.01,.00,.01,-.00,.00,.01) * PE_19 +
    mat4(-.00,-.01,-.01,.00,.01,-.00,.00,.00,-.01,.00,-.00,.01,-.01,.00,.01,.00) * PE_20 +
    mat4(-.01,.00,-.00,-.00,.01,.01,-.00,-.01,.01,-.00,.00,.00,-.00,.01,-.01,-.00) * PE_21 +
    mat4(-.00,.00,-.00,-.00,-.01,.01,.01,-.00,-.00,-.00,-.01,-.00,-.01,.00,-.01,.00) * PE_22 +
    mat4(-.00,-.00,.00,-.00,.00,.00,.00,.00,.00,.00,.00,.00,.00,.00,.00,.00) * PE_23 + vec4(-.01,-.04,-.02,-.01));
    vec4 f0_10 = relu(
    mat4(.28,-.30,-.04,-.03,.14,.13,.14,.62,.15,.12,-.11,.04,.18,-.28,.16,.19) * PE_0 +
    mat4(.13,.04,.23,.44,.19,.21,-.12,.21,-.01,-.06,.27,.23,.32,-.12,.18,.33) * PE_1 +
    mat4(.14,.36,-.05,.09,-.34,.00,.24,.22,.40,-.05,.33,.42,.37,.65,-.04,-.09) * PE_2 +
    mat4(-.15,.30,.07,.57,-.31,.43,.39,.59,.17,-.14,.21,.04,-.03,.03,.43,-.12) * PE_3 +
    mat4(-.22,.03,-.23,.26,-.45,-.00,.10,-.57,-.00,.01,.27,.24,-.13,-.08,.05,.10) * PE_4 +
    mat4(-.16,-.10,-.03,.06,-.02,-.03,-.03,.05,.05,-.01,-.02,-.03,.08,-.02,-.04,-.00) * PE_5 +
    mat4(.00,.00,-.00,-.02,.01,.01,.00,.01,.01,.00,.01,.02,.00,.01,.00,-.00) * PE_6 +
    mat4(.00,.02,-.00,.00,-.00,.01,-.01,-.02,.00,-.00,.01,.00,.01,.00,.01,-.01) * PE_7 +
    mat4(-.02,.00,-.01,.02,-.00,.01,-.01,.00,.00,.00,-.00,.00,.01,.00,.01,-.01) * PE_8 +
    mat4(.01,-.01,-.01,.00,-.00,-.00,-.01,-.01,.01,.00,-.00,-.01,-.00,.00,.00,.01) * PE_9 +
    mat4(-.01,-.01,.00,.00,-.00,-.00,-.01,.01,-.01,.00,.00,-.01,.01,.01,-.01,-.00) * PE_10 +
    mat4(.00,-.00,-.01,-.01,.00,-.00,-.00,.00,.00,.00,-.00,-.00,.00,-.00,-.01,-.00) * PE_11 +
    mat4(-.24,-.12,-.03,-.20,-.14,-.21,-.13,-.09,-.19,-.11,-.05,-.12,-.46,-.07,-.39,-.14) * PE_12 +
    mat4(.04,-.23,-.20,-.22,-.28,-.18,-.07,-.22,-.13,.43,-.18,.60,.42,-.36,.14,-.08) * PE_13 +
    mat4(.16,-.19,-.19,-.10,.42,-.34,-.24,.19,.33,-.09,-.33,.29,.27,-.25,.16,-.07) * PE_14 +
    mat4(.02,-.10,.05,.26,-.08,-.00,-.01,-.08,-.42,.23,-.05,.57,-.12,.05,-.13,-.33) * PE_15 +
    mat4(.05,-.10,-.13,-.15,.20,.06,.03,-.08,-.01,-.00,-.04,.03,-.02,-.00,-.01,.01) * PE_16 +
    mat4(-.07,.04,-.03,-.08,.00,-.00,-.01,.01,-.01,.03,.01,-.01,-.03,.02,.01,-.01) * PE_17 +
    mat4(.00,.01,.01,.01,-.01,.00,-.00,.02,.01,.00,-.01,-.00,.00,.00,.00,.00) * PE_18 +
    mat4(.01,-.00,-.01,-.01,.01,.00,-.00,.01,.00,-.00,-.00,.01,-.01,.00,-.01,-.01) * PE_19 +
    mat4(-.01,.01,.00,-.00,.00,.00,-.00,.01,-.00,.00,.00,-.00,-.02,.00,.00,-.01) * PE_20 +
    mat4(-.00,-.00,-.01,.00,-.01,-.01,.01,.00,.01,.00,.00,-.01,.00,.00,.00,.00) * PE_21 +
    mat4(-.00,.01,-.00,-.00,-.00,.00,.01,-.00,-.01,-.01,.01,.01,.01,.01,-.01,.01) * PE_22 +
    mat4(.00,-.00,-.01,.00,.00,.00,.00,.00,.00,.00,.00,.00,.00,.00,.00,.00) * PE_23 + vec4(-.14,.02,-.01,-.09));
    vec4 f0_11 = relu(
    mat4(-.26,-.20,-.11,-.25,-.06,.10,.50,.06,.11,.05,.16,-.27,-.29,-.06,.21,-.06) * PE_0 +
    mat4(-.05,.03,.25,.03,.26,-.02,.16,-.26,-.17,-.10,.29,-.16,-.09,-.14,.35,.04) * PE_1 +
    mat4(.24,.22,.15,-.25,-.33,-.35,-.13,-.45,.17,-.28,.10,-.14,.20,.45,.17,-.26) * PE_2 +
    mat4(-.16,.15,.02,-.10,-.18,-.17,.17,.13,.06,.14,-.36,-.28,.11,.02,-.12,-.04) * PE_3 +
    mat4(.07,-.06,-.15,-.14,-.58,.08,-.14,.00,-.01,-.01,.04,.16,-.19,.09,-.04,-.02) * PE_4 +
    mat4(-.04,-.00,-.01,-.00,-.02,-.00,.01,.02,.02,-.01,.02,-.00,-.23,.02,-.02,-.00) * PE_5 +
    mat4(.02,.01,-.01,-.01,.00,-.01,-.00,.01,-.04,.02,-.01,.01,-.01,-.01,.00,-.00) * PE_6 +
    mat4(-.01,-.00,.00,.01,-.01,.01,.01,.01,.01,-.01,-.00,-.01,.01,-.00,-.01,-.01) * PE_7 +
    mat4(-.01,.00,.00,-.00,-.00,.00,.00,-.00,.00,.00,-.01,-.00,-.01,.00,.00,.01) * PE_8 +
    mat4(.00,.00,.00,.01,.01,-.01,.00,-.01,-.01,.01,-.01,-.01,-.00,-.01,-.01,.01) * PE_9 +
    mat4(-.00,.00,.01,-.00,.00,.01,.01,-.00,.00,.01,-.00,-.00,.00,.01,-.01,-.00) * PE_10 +
    mat4(-.01,-.01,-.01,-.00,.00,.00,-.00,-.01,-.01,-.00,-.01,-.00,.01,-.00,-.00,-.00) * PE_11 +
    mat4(-.08,-.21,-.13,.10,-.12,-.06,-.14,.11,-.11,-.09,.09,.01,-.18,-.32,-.12,.20) * PE_12 +
    mat4(-.09,-.18,-.18,.19,-.42,-.10,-.05,.20,.14,.10,-.09,.80,-.14,-.37,-.27,-.44) * PE_13 +
    mat4(-.17,.02,-.30,.41,.44,.01,.31,.33,.46,-.48,-.34,-.85,.12,-.40,.46,-.29) * PE_14 +
    mat4(.12,.14,.11,-.22,-.35,.00,-.20,-.32,.86,-.49,.19,.45,.05,-.13,-.07,-.08) * PE_15 +
    mat4(.02,.03,.15,-.20,-.10,-.11,.00,.29,.01,.03,.02,.01,-.00,.02,.01,.01) * PE_16 +
    mat4(.00,.08,-.01,.11,-.00,.01,.00,-.01,.01,-.01,.01,-.00,-.00,-.00,.01,-.03) * PE_17 +
    mat4(-.00,.01,-.00,-.01,-.02,-.01,.00,-.01,-.00,-.00,-.00,-.02,-.00,-.01,.00,-.01) * PE_18 +
    mat4(-.00,.01,-.01,-.00,.01,-.01,.01,.01,-.00,-.00,.01,.00,-.01,-.00,.01,-.01) * PE_19 +
    mat4(-.01,.00,-.01,.00,-.00,-.00,.00,-.01,.01,-.01,-.01,-.01,.01,-.00,-.00,.00) * PE_20 +
    mat4(.00,.00,-.00,.01,.00,.01,.01,.00,.01,.01,.01,.00,-.00,-.00,.01,.00) * PE_21 +
    mat4(.01,.01,-.00,-.00,.01,-.01,-.00,-.00,.00,.00,.01,.00,-.01,-.00,-.01,.00) * PE_22 +
    mat4(-.00,-.00,.01,.01,.00,.00,.00,.00,.00,.00,.00,.00,.00,.00,.00,.00) * PE_23 + vec4(-.08,-.01,.07,.05));
    vec4 f0_12 = relu(
    mat4(-.39,-.65,-.41,-.14,-.12,-.37,.11,-.29,.25,.13,.19,.19,-.35,-.33,-.14,-.19) * PE_0 +
    mat4(-.11,-.18,.20,-.17,.29,.13,-.01,.07,-.37,-.08,.11,-.25,-.05,-.32,.11,-.17) * PE_1 +
    mat4(.25,.18,.13,-.05,-.07,.51,.20,-.11,-.06,-.14,-.26,.19,-.14,-.38,.25,-.34) * PE_2 +
    mat4(.10,.31,.30,.03,-.06,.12,.35,.43,.21,.26,-.26,.45,.46,.02,.15,.01) * PE_3 +
    mat4(.00,-.62,.04,.17,-.35,-.11,.22,.18,-.03,-.03,-.01,-.00,-.06,-.02,.01,.04) * PE_4 +
    mat4(.51,-.13,.05,-.06,.01,.02,-.01,.03,.03,-.01,.00,-.07,-.05,-.01,.02,.09) * PE_5 +
    mat4(.01,.00,.00,-.00,-.01,.01,-.00,-.00,.02,-.00,.00,.00,-.00,.00,-.00,-.01) * PE_6 +
    mat4(-.00,.01,-.00,.01,.00,-.00,.00,-.01,-.00,-.00,-.01,.00,.00,.00,-.01,.00) * PE_7 +
    mat4(-.01,.00,-.00,.01,-.01,.00,-.00,-.01,.01,.00,-.00,-.01,.01,.00,.00,-.00) * PE_8 +
    mat4(.01,.01,-.00,-.00,.00,-.00,.00,-.01,-.00,.00,-.00,.01,.00,-.01,-.00,-.01) * PE_9 +
    mat4(-.00,.00,.00,-.01,.01,-.00,.01,-.00,.00,.00,.01,.00,.00,-.00,-.00,.01) * PE_10 +
    mat4(-.00,-.00,.01,.01,.01,.00,-.00,.00,.01,-.00,-.00,-.00,-.00,-.01,.00,.01) * PE_11 +
    mat4(-.15,.09,-.27,.01,-.15,-.03,-.18,-.05,-.13,-.02,.02,-.12,-.30,-.11,-.48,.03) * PE_12 +
    mat4(-.09,-.17,-.28,.02,-.53,-.27,-.02,-.15,-.06,.37,.08,.26,-.35,-.06,-.69,-.09) * PE_13 +
    mat4(-.34,-.08,-.01,.33,.47,-.14,-.31,.12,-.01,.15,-.43,.32,-.17,.14,-.14,.31) * PE_14 +
    mat4(-.08,.16,-.06,-.17,.13,-.09,-.06,-.29,.15,.12,-.02,-.20,-.02,-.05,.04,-.01) * PE_15 +
    mat4(.06,.16,-.02,-.01,-.23,.13,-.11,.08,.00,-.01,.01,-.01,.03,.06,-.02,-.03) * PE_16 +
    mat4(.12,-.00,.00,.02,.01,.00,.00,.00,-.01,-.01,.00,.03,.01,-.00,-.01,-.00) * PE_17 +
    mat4(-.01,-.00,-.00,-.00,.00,.01,.01,-.01,-.00,.00,.00,.02,.00,.01,-.00,.01) * PE_18 +
    mat4(-.01,-.01,-.00,.01,-.01,.01,.00,-.00,-.00,-.00,-.00,.00,.00,-.00,-.00,-.00) * PE_19 +
    mat4(.00,-.00,-.00,-.00,.00,-.01,.00,.01,.01,.00,-.00,.01,.01,.00,-.00,.01) * PE_20 +
    mat4(.01,.00,.00,.00,-.00,.01,.00,.01,-.01,.00,.00,-.01,-.00,.01,.01,.01) * PE_21 +
    mat4(-.01,.00,-.00,-.00,-.00,-.00,-.00,-.01,.00,.00,.00,.00,-.00,.00,-.01,-.01) * PE_22 +
    mat4(.01,-.00,-.00,-.01,.00,.00,.00,.00,.00,.00,.00,.00,.00,.00,.00,.00) * PE_23 + vec4(.03,.08,.11,.10));
    vec4 f0_13 = relu(
    mat4(-.21,.40,.08,.26,-.31,.36,.45,.43,-.37,-.10,.29,.21,-.25,.25,-.13,.28) * PE_0 +
    mat4(-.18,.36,.37,.22,-.37,-.07,.31,.10,-.12,.03,-.36,.22,-.04,.19,.42,.15) * PE_1 +
    mat4(-.24,.11,.18,.19,.40,.17,-.08,-.04,-.38,.32,.22,.09,-.12,.43,-.75,.48) * PE_2 +
    mat4(.56,-.44,.24,.24,-.08,-.38,-.12,.07,.55,-.05,-.20,-.53,-.10,.11,.07,-.13) * PE_3 +
    mat4(-.09,.08,.11,.03,-.19,-.10,-.38,-.22,.14,.03,-.10,.01,-.06,-.01,-.02,.02) * PE_4 +
    mat4(-.26,.09,-.04,-.01,-.05,.00,.00,-.01,.03,-.02,-.02,-.03,-.07,.03,-.00,.11) * PE_5 +
    mat4(.01,-.01,.01,-.01,.01,.00,.01,-.01,-.01,-.01,-.02,-.02,.00,-.01,.00,.00) * PE_6 +
    mat4(.01,-.00,-.01,-.00,-.00,-.00,.00,.00,-.00,.00,-.00,-.00,-.00,-.01,.01,.00) * PE_7 +
    mat4(.01,-.01,-.00,.01,.00,.00,.00,.01,.00,.00,-.01,.00,-.01,.01,-.00,-.02) * PE_8 +
    mat4(.00,.01,.01,-.01,-.01,.00,-.01,.00,.01,-.01,.01,.00,-.01,.00,.01,-.00) * PE_9 +
    mat4(.00,.01,-.00,.00,-.01,-.00,-.00,.00,.01,.01,-.00,.00,.00,-.00,-.00,-.01) * PE_10 +
    mat4(-.00,-.00,.01,-.01,-.00,.00,.00,-.01,-.01,.01,-.00,.00,.00,-.00,.00,-.01) * PE_11 +
    mat4(-.05,-.18,-.02,-.15,.01,-.20,-.10,-.03,.08,-.18,-.08,-.16,-.27,-.53,.33,-.14) * PE_12 +
    mat4(-.11,-.10,-.05,-.16,-.04,-.00,-.45,-.40,-.29,-.27,.11,.08,.26,.11,-.00,-.25) * PE_13 +
    mat4(.33,.68,-.40,-.27,-.08,-.28,-.10,.31,-.01,-.04,.11,-.32,.37,.14,.56,.28) * PE_14 +
    mat4(-.15,-.20,-.14,-.06,-.08,-.15,.10,.46,-.18,.04,-.60,.02,-.02,.05,.03,.06) * PE_15 +
    mat4(-.07,.04,-.05,-.10,-.01,-.16,-.19,.33,.04,.00,-.00,-.04,-.00,.02,-.02,-.04) * PE_16 +
    mat4(.02,.03,.03,-.03,.00,.01,.00,-.00,.01,-.00,.00,.01,-.01,-.01,-.02,.03) * PE_17 +
    mat4(.00,.01,-.00,.01,.01,-.01,-.01,-.01,.00,.00,-.01,-.01,-.01,-.01,-.01,.01) * PE_18 +
    mat4(.01,.01,-.00,.00,-.00,-.00,-.00,-.01,.00,.00,.00,.01,.00,-.00,.01,-.00) * PE_19 +
    mat4(.01,-.01,.01,-.00,-.00,-.00,-.00,.00,-.00,-.00,.00,-.00,.00,.00,.00,-.00) * PE_20 +
    mat4(-.01,.01,.00,.00,-.00,.01,.00,-.01,.01,-.00,.01,.01,-.00,.01,.00,-.01) * PE_21 +
    mat4(.00,.00,.00,-.00,.01,-.00,.00,.00,.00,.00,-.01,-.00,-.00,-.01,-.00,.00) * PE_22 +
    mat4(-.01,.01,.00,-.00,.00,.00,.00,.00,.00,.00,.00,.00,.00,.00,.00,.00) * PE_23 + vec4(.09,-.08,-.08,-.13));
    vec4 f0_14 = relu(
    mat4(-.35,.19,.29,.00,.20,-.04,.28,-.12,.12,.13,.06,.05,-.24,.16,.24,.03) * PE_0 +
    mat4(.11,.02,.44,.01,.17,-.05,.10,.14,-.01,-.04,.22,-.02,.10,.05,.38,-.07) * PE_1 +
    mat4(.30,-.02,.17,.11,-.10,.34,-.14,.17,.15,.60,.33,-.00,.10,-.03,.04,.17) * PE_2 +
    mat4(-.26,-.51,-.64,-.08,.32,.00,.14,-.27,.60,-.08,-.15,.06,-.19,-.19,.10,-.04) * PE_3 +
    mat4(.12,-.27,.26,.07,-.20,.08,.02,-.00,.11,.06,-.04,-.19,.05,-.06,.09,-.07) * PE_4 +
    mat4(.08,.01,.08,-.03,.00,-.03,-.02,-.12,.02,.09,.02,.04,.07,.05,-.10,.09) * PE_5 +
    mat4(.01,-.00,.02,.01,.00,-.01,.01,-.02,.01,-.01,.03,-.00,.01,.01,-.00,-.03) * PE_6 +
    mat4(.01,.00,-.01,-.00,-.01,-.01,-.02,-.01,.01,-.00,.00,.01,-.00,.01,-.00,.00) * PE_7 +
    mat4(.00,.01,.01,-.00,-.01,.01,-.01,.01,-.00,.00,-.01,-.00,-.00,-.01,.00,.00) * PE_8 +
    mat4(-.00,-.00,-.00,.01,-.00,-.00,-.00,-.01,-.00,-.01,-.01,-.01,.01,.01,.00,-.00) * PE_9 +
    mat4(.00,-.01,-.00,-.00,.01,.01,-.00,.00,-.00,.00,-.01,-.01,-.00,.00,-.00,-.01) * PE_10 +
    mat4(-.00,-.01,-.00,-.01,-.00,-.00,-.00,.01,-.00,-.00,.00,-.00,-.01,.00,-.01,.00) * PE_11 +
    mat4(-.04,-.13,.01,.15,-.08,-.02,-.13,-.01,-.05,-.13,-.09,-.06,-.34,.13,.17,.17) * PE_12 +
    mat4(-.18,.04,-.26,.14,-.25,-.16,-.26,.23,-.02,.47,.61,.05,-.09,.15,.11,.14) * PE_13 +
    mat4(-.34,.27,.15,.11,.44,-.01,-.16,.08,-.05,.30,-.66,-.15,.07,.08,.32,.02) * PE_14 +
    mat4(-.09,-.20,-.08,-.26,.29,.52,-.05,.21,.14,.09,.19,-.08,.20,.21,-.02,.34) * PE_15 +
    mat4(.11,-.12,-.09,-.05,.10,-.01,.41,-.05,-.03,.01,.02,-.02,.02,-.04,-.00,.01) * PE_16 +
    mat4(.05,.05,.03,.08,-.00,-.02,-.01,-.00,-.00,.01,-.01,-.01,-.01,.01,.00,.01) * PE_17 +
    mat4(-.00,-.01,-.00,-.00,-.00,-.00,.01,-.01,.00,-.01,.01,.01,-.00,.00,.01,.01) * PE_18 +
    mat4(.00,.01,-.01,-.01,-.00,.01,-.00,-.01,.00,.00,-.00,-.00,.00,-.00,.00,-.01) * PE_19 +
    mat4(.00,-.00,-.00,.01,.01,.00,-.00,-.01,-.00,.00,.00,-.00,-.00,.01,.00,-.00) * PE_20 +
    mat4(.00,.01,-.00,.00,-.00,-.00,-.01,.00,-.00,-.00,.00,.01,.01,.00,-.00,.01) * PE_21 +
    mat4(-.00,.01,.01,.00,.00,.00,-.01,-.00,-.00,.00,.00,.00,-.01,.00,-.00,.01) * PE_22 +
    mat4(.00,-.00,.00,.01,.00,.00,.00,.00,.00,.00,.00,.00,.00,.00,.00,.00) * PE_23 + vec4(.04,-.10,-.13,-.11));
    vec4 f0_15 = relu(
    mat4(-.07,-.08,-.33,-.14,.29,-.01,-.24,.06,.14,-.04,-.05,-.24,-.22,-.12,-.18,-.15) * PE_0 +
    mat4(.13,.12,-.25,.07,.02,-.02,-.13,-.14,-.17,-.01,.22,-.10,.33,.02,-.15,.05) * PE_1 +
    mat4(.13,-.01,-.20,-.22,.38,-.21,.42,.16,.10,.14,.29,-.26,.02,.05,-.10,-.37) * PE_2 +
    mat4(-.09,-.20,-.28,.16,-.34,.14,.25,-.51,.26,.32,-.44,-.43,-.03,-.11,.14,.18) * PE_3 +
    mat4(-.43,.49,-.08,.20,.09,-.01,-.21,-.01,-.01,.43,-.12,.05,-.42,.06,-.18,-.11) * PE_4 +
    mat4(.06,-.09,-.11,-.34,-.07,.05,-.02,-.01,.06,-.01,.04,-.01,-.15,.07,-.00,-.08) * PE_5 +
    mat4(.01,-.01,.02,-.00,.01,.00,-.01,-.00,-.03,.01,.01,.01,.01,-.02,.01,-.00) * PE_6 +
    mat4(.00,-.00,.00,.01,.02,-.01,-.00,.01,.01,.01,.01,.01,.00,-.01,-.00,-.00) * PE_7 +
    mat4(.00,-.01,-.01,.00,-.01,.01,-.00,.00,-.00,-.00,.00,.00,.01,.02,-.00,-.01) * PE_8 +
    mat4(.00,-.00,.00,.00,-.00,.01,.01,.00,-.01,-.01,.00,.00,-.01,.01,.00,.00) * PE_9 +
    mat4(-.01,.01,.00,.00,-.00,.01,.00,.02,-.01,.00,-.00,-.01,.01,-.00,-.00,-.00) * PE_10 +
    mat4(.01,-.00,-.01,-.00,-.01,-.01,-.00,-.00,.01,-.01,-.00,-.01,.00,-.01,.01,-.00) * PE_11 +
    mat4(.14,.12,-.07,.12,.03,.10,.01,.09,.08,.10,-.04,-.08,-.02,-.05,-.19,.14) * PE_12 +
    mat4(.07,.05,-.08,.17,.11,.15,-.01,.18,-.01,-.25,-.20,.48,-.12,.09,-.01,.05) * PE_13 +
    mat4(-.33,-.36,.49,-.10,.23,-.14,-.23,.05,-.19,.01,.36,.38,-.10,.17,-.02,-.25) * PE_14 +
    mat4(.15,.32,.01,.34,.05,-.30,.30,-.06,.09,.34,-.08,.29,-.62,.45,-.07,.02) * PE_15 +
    mat4(.07,-.17,-.01,.12,-.13,-.05,-.08,.07,-.01,-.03,-.02,-.02,-.07,.09,-.03,-.03) * PE_16 +
    mat4(.09,.01,-.08,.05,-.02,-.00,.02,.01,-.00,-.03,.01,.03,.02,-.03,-.01,.01) * PE_17 +
    mat4(.00,-.00,.01,.01,.01,-.00,.00,-.00,.00,-.02,-.02,-.00,-.02,.00,-.00,.01) * PE_18 +
    mat4(.00,-.00,-.01,-.01,-.01,-.00,.00,.01,-.01,-.00,.00,-.00,.00,-.00,.00,-.00) * PE_19 +
    mat4(.01,.01,.01,.01,-.00,.02,-.00,.00,.00,-.00,-.00,-.01,-.01,-.01,.01,-.01) * PE_20 +
    mat4(-.01,-.01,-.00,.00,-.00,.01,.00,.01,-.00,.01,-.00,-.01,.01,.01,-.00,.00) * PE_21 +
    mat4(.01,-.00,-.01,-.01,.01,-.01,-.01,-.00,-.01,-.00,.00,-.00,.01,-.01,-.00,.00) * PE_22 +
    mat4(.00,.01,.01,.01,.00,.00,.00,.00,.00,.00,.00,.00,.00,.00,.00,.00) * PE_23 + vec4(-.04,.03,.00,-.14));
    
    vec4 f1_0 = relu(
    mat4(.40,-.90,-.58,-.47,.03,.23,.29,.15,.27,-.33,-.35,-.34,-.21,-.03,.18,.15) * f0_0 +
    mat4(-.01,.30,.36,.37,-.01,-.07,.12,.16,.32,-.27,-.47,-.37,.11,-1.25,-.35,-.43) * f0_1 +
    mat4(-.02,-.01,-.07,-.19,-.15,.18,.06,-.02,-.05,.22,.31,.07,-.12,.37,.28,.12) * f0_2 +
    mat4(.06,-.35,-.50,-.51,-.16,.17,.27,.07,.25,-.15,-.46,-.12,.20,.11,-.05,-.04) * f0_3 +
    mat4(-.02,.29,.14,.07,.00,.25,.28,.21,-.16,.23,.13,.13,.58,-.51,-.57,-.32) * f0_4 +
    mat4(-.05,.08,.11,.11,-.13,-.38,-.63,-.30,.23,-.34,-.59,.03,.09,-.75,-.58,-.42) * f0_5 +
    mat4(.28,-.61,-.15,-.28,.40,-.50,.15,-.07,-.05,.11,.27,-.09,.04,-.47,-.39,-.53) * f0_6 +
    mat4(.08,.10,.16,-.14,-.01,.41,.52,.29,.03,.12,.39,.01,.03,.29,.07,.07) * f0_7 +
    mat4(.37,-1.09,-.73,-.49,.40,-.55,-.40,-.38,.60,-.58,-.79,-.60,-.13,.19,.19,.23) * f0_8 +
    mat4(-.01,.24,.16,.07,.30,-.11,-.16,-.24,.31,.05,-.42,.00,-.01,.03,.21,.05) * f0_9 +
    mat4(.15,-.42,-.94,-.37,.26,-.22,-.72,-.15,-.01,-.09,.05,-.14,.39,-.32,-.39,-.16) * f0_10 +
    mat4(-.12,-.55,-.33,-.11,.56,-.34,-.33,-.22,.11,-.31,-.14,-.26,-.34,.17,.10,.17) * f0_11 +
    mat4(.37,-.49,-.56,-.51,.45,-.52,-.21,-.20,.54,-.56,.13,-.39,.39,-.09,-.13,-.01) * f0_12 +
    mat4(.26,-.52,-1.03,-.10,.65,-.88,-.56,-.54,.40,-.75,-.73,-.80,.21,-.38,-.19,-.21) * f0_13 +
    mat4(.17,-.29,-.38,-.24,.11,-.21,-.11,-.26,.64,-.40,-.03,-.24,-.15,.03,.24,.20) * f0_14 +
    mat4(-.14,.41,.08,.37,.09,.28,.16,.04,.16,-.28,-.10,-.28,-.45,.29,.24,.16) * f0_15 + vec4(-.11,-.02,.08,.08));
    vec4 f1_1 = relu(
    mat4(-.64,.29,-.60,-.33,.13,-.20,.04,.04,-.18,.03,-.34,-.39,.10,-.10,.09,.01) * f0_0 +
    mat4(.21,-.03,.01,.16,.13,.05,.18,.08,-.32,.30,-.13,-.30,-.26,.02,-.54,-.21) * f0_1 +
    mat4(-.16,.03,.10,.02,.12,-.28,.09,.05,-.02,.01,-.03,.15,.18,-.12,.29,.18) * f0_2 +
    mat4(-.14,.15,-.36,-.34,-.00,-.10,.02,.19,-.28,.08,-.11,-.06,.01,.32,-.03,-.33) * f0_3 +
    mat4(.03,-.15,.24,.06,-.03,.08,.04,.13,.21,.04,.02,.19,-.33,.11,-.53,-.27) * f0_4 +
    mat4(.05,-.21,.20,.12,-.19,.05,-.60,-.18,-.28,.14,-.28,.13,-.52,.13,-.30,-.27) * f0_5 +
    mat4(-.24,.65,-.20,-.11,-.36,.39,-.33,-.10,-.04,-.01,.14,.06,-.33,.41,-.68,-.32) * f0_6 +
    mat4(.20,-.17,.26,.02,.12,.12,.28,.14,.05,-.05,.13,-.02,.18,-.06,.09,.07) * f0_7 +
    mat4(-.40,.49,-.62,-.50,-.19,.57,-.08,-.24,-.47,.38,.04,-.38,.14,-.12,.16,.16) * f0_8 +
    mat4(.24,-.00,-.05,.12,-.11,.30,-.56,-.11,-.03,.29,-.09,-.26,.10,-.16,.07,-.01) * f0_9 +
    mat4(-.40,.06,-.26,-.23,-.24,.40,-.42,-.05,-.13,.23,.02,-.07,.12,.04,-.05,-.06) * f0_10 +
    mat4(.05,.55,-.35,-.04,-.17,.28,-.21,-.04,-.19,.19,-.32,.05,.06,-.24,-.17,.20) * f0_11 +
    mat4(-.31,.47,-.18,-.18,-.21,.45,.03,-.16,-.21,.73,-.43,-.50,.19,.27,-.34,-.03) * f0_12 +
    mat4(-.13,-.43,-.56,-.16,-.46,.69,-.28,-.47,-.37,.44,-.34,-.43,-.15,.14,-.42,-.10) * f0_13 +
    mat4(-.17,.26,-.20,-.24,-.28,.11,-.11,-.05,-.12,.57,-.26,-.24,.07,.09,.15,-.11) * f0_14 +
    mat4(.18,-.07,.10,-.01,.14,-.07,.10,.10,-.32,-.11,-.36,-.16,.10,.06,.11,.03) * f0_15 + vec4(.04,.03,-.07,-.14));
    vec4 f1_2 = relu(
    mat4(.24,-.30,.47,-.56,.06,.03,-.17,.28,.39,-.35,.03,-.44,-.30,-.07,-.04,.01) * f0_0 +
    mat4(.10,.04,-.06,.41,.10,.09,-.01,.16,-.54,-.24,.34,-.39,-.12,-.47,.16,-.79) * f0_1 +
    mat4(-.11,-.16,-.06,-.06,.05,.12,-.14,.14,.05,.05,-.10,.19,-.50,.23,-.11,.29) * f0_2 +
    mat4(-.52,-.57,.04,-.15,-.60,.26,-.13,.29,.50,-.01,.31,-.32,.11,-.45,.16,.03) * f0_3 +
    mat4(.14,.15,-.02,.26,.08,.15,.07,.20,-.29,.01,.04,.06,.38,-.39,.07,-.51) * f0_4 +
    mat4(.09,.04,-.11,.22,.40,-.04,.18,-.47,-.23,-.19,-.07,-.34,.36,-.18,.51,-.51) * f0_5 +
    mat4(-.47,-.17,.46,-.37,-.31,-.75,.33,-.41,-.13,.09,.08,-.01,-.26,.09,.17,-.31) * f0_6 +
    mat4(.00,.13,-.06,.09,.20,.15,-.03,.29,.15,.06,.02,.26,-.22,.01,.07,.13) * f0_7 +
    mat4(.86,-.29,.37,-.50,-.42,-.48,.30,-.33,-.21,-.41,.50,-.50,.15,.01,-.02,.32) * f0_8 +
    mat4(-.20,.11,.06,.18,.06,.10,.36,-.20,.14,-.10,.29,-.16,.29,.22,.11,.17) * f0_9 +
    mat4(.19,-.29,.09,-.52,-.29,-.13,.40,-.55,.25,-.09,.10,-.07,-.19,.19,.28,-.05) * f0_10 +
    mat4(-.85,-.40,.18,.08,.23,.04,.31,-.23,-.08,-.02,.17,-.25,.28,.18,-.46,.26) * f0_11 +
    mat4(.15,-.23,.39,-.60,-.14,-.30,.36,-.35,-.44,-.64,.60,-.65,.10,-.12,.17,-.07) * f0_12 +
    mat4(.05,-.06,.49,-.39,-.43,-.44,.49,-.52,.34,-.36,.38,-.80,.32,-.07,.06,-.35) * f0_13 +
    mat4(.21,-.27,.11,-.37,-.21,.01,.27,-.26,-.04,-.16,.33,-.37,-.15,-.00,-.00,.27) * f0_14 +
    mat4(-.26,.23,-.07,.19,.03,-.03,-.02,.16,-.14,-.18,-.01,-.38,-.08,.12,-.27,.04) * f0_15 + vec4(-.08,-.07,-.12,-.01));
    vec4 f1_3 = relu(
    mat4(.58,.20,-.30,.15,-.10,-.13,.13,-.06,.64,.18,-.30,.32,-.15,-.30,-.03,.02) * f0_0 +
    mat4(-.22,-.00,.16,.06,-.10,.02,-.04,-.09,.59,.35,-.19,.26,.36,.10,-.15,.24) * f0_1 +
    mat4(.22,.18,-.00,-.28,-.11,.22,.07,-.17,-.20,-.08,.20,-.11,-.05,-.18,.11,-.21) * f0_2 +
    mat4(.67,.29,-.08,.02,-.09,.03,.23,-.14,.58,.31,-.10,.38,.19,-.15,.04,.23) * f0_3 +
    mat4(-.25,.01,.15,.01,-.11,.09,.16,-.05,-.24,-.10,.17,-.12,.70,.49,-.12,.39) * f0_4 +
    mat4(.03,.15,.13,-.01,.74,.31,-.01,-.24,.67,.21,.07,.39,.62,.19,-.44,.22) * f0_5 +
    mat4(.83,.34,-.02,.58,.33,-.09,-.10,.43,.03,.05,.07,-.04,.42,-.10,-.14,.32) * f0_6 +
    mat4(-.18,.08,-.06,-.05,-.09,-.06,.14,.07,-.27,.01,.03,.05,.13,.13,.15,-.02) * f0_7 +
    mat4(.93,-.11,-.45,-.11,.64,-.21,-.34,.06,1.25,.37,-.41,.11,-.12,-.26,.01,.05) * f0_8 +
    mat4(.01,-.06,.15,.03,.41,-.02,-.09,.25,.43,.10,-.13,.26,-.25,.10,.19,-.05) * f0_9 +
    mat4(.79,.23,-.11,-.10,.96,.51,.02,.24,.13,-.01,-.11,.13,.33,.22,.12,.20) * f0_10 +
    mat4(.31,-.15,.05,-.10,.67,.36,.01,.49,.43,.31,-.17,.23,-.13,-.27,.27,-.60) * f0_11 +
    mat4(.86,.57,-.13,-.00,.41,.26,-.26,.41,.69,.04,-.30,.67,.05,.31,-.01,.18) * f0_12 +
    mat4(.76,.24,.10,.19,.91,.52,-.44,.46,1.18,.56,-.53,-.16,.73,.14,-.17,.31) * f0_13 +
    mat4(.52,.16,-.12,.18,.30,.21,-.16,.10,.38,.28,-.22,.60,-.27,-.10,-.04,.03) * f0_14 +
    mat4(-.19,-.26,.20,-.15,-.15,-.21,-.07,.03,.20,.39,-.32,.25,-.28,-.24,.12,-.14) * f0_15 + vec4(.00,-.08,-.03,-.01));
    vec4 f1_4 = relu(
    mat4(-1.00,-1.15,-.52,-.14,.02,.22,.17,-.04,-.12,-.64,-.54,.06,-.02,.25,.10,.04) * f0_0 +
    mat4(.17,.22,.15,-.05,-.01,.07,-.08,.32,-.19,-.14,-.24,.14,.11,-.75,-.45,.38) * f0_1 +
    mat4(-.34,-.51,-.32,-.35,.17,.22,.11,-.11,.11,.27,.01,-.20,.23,.36,-.03,.05) * f0_2 +
    mat4(-.16,-.75,-.27,.16,.03,.25,.10,-.13,-.60,-.06,-.42,.28,.14,-1.16,-.01,.60) * f0_3 +
    mat4(.19,.30,.22,-.48,.09,.10,-.00,.17,.18,-.29,.12,-.08,-.17,-1.05,-.33,.18) * f0_4 +
    mat4(.07,.08,-.03,-.06,-.21,-.91,-.26,-.27,.09,-.57,-.28,.25,-.44,-.11,-.54,.47) * f0_5 +
    mat4(-.47,-.70,-.43,-.71,-.17,-.95,-.13,.26,.26,.01,.07,-.28,-.47,-.02,-.10,-.07) * f0_6 +
    mat4(.12,.41,.08,-.08,.26,.13,.15,-.08,.22,.13,.06,-.20,.06,-.01,.11,.23) * f0_7 +
    mat4(-.77,-.39,-.58,.23,-.17,-.04,-.33,.33,-.46,-.41,-.60,-.45,.08,.13,.16,.15) * f0_8 +
    mat4(.07,.25,.19,-.13,-.53,-.28,-.22,-.41,.10,-.33,-.08,-.04,.21,.19,.35,.13) * f0_9 +
    mat4(-.52,-.78,-.51,-.17,-.44,.01,-.23,.13,-.51,-.16,-.36,.17,.06,-.33,-.13,.38) * f0_10 +
    mat4(-.02,-.72,-.14,.11,-.13,-.16,-.06,.24,-.09,-.02,-.23,-1.16,.03,.03,.11,.04) * f0_11 +
    mat4(-.26,-.99,-.41,-.24,-.10,-.14,-.27,-.10,-.66,-.65,-.45,.20,.41,-.22,.18,.15) * f0_12 +
    mat4(.16,-.69,-.11,.72,-.93,-.71,-.54,.38,-.23,-.64,-.58,-.60,-.11,-.36,-.36,-.65) * f0_13 +
    mat4(-.15,-.64,-.26,-.22,-.37,-.18,-.34,-.60,-.46,-.35,-.07,.36,.08,.06,.09,.02) * f0_14 +
    mat4(.20,.10,.25,-.10,-.03,.22,.18,.12,-.49,.04,-.27,.19,.17,-.25,.10,-.15) * f0_15 + vec4(-.00,.03,.01,.10));
    vec4 f1_5 = relu(
    mat4(.12,-.47,.25,-.42,-.06,.20,-.04,.23,.59,-.30,.32,-.47,.08,.03,-.14,.20) * f0_0 +
    mat4(.11,.20,-.04,.39,-.06,-.02,.06,.07,-.21,-.20,.25,-.30,.09,-.55,.42,-.68) * f0_1 +
    mat4(.09,-.21,.30,-.14,-.25,.01,.12,.06,-.11,.15,-.27,.05,-.03,.22,-.10,.10) * f0_2 +
    mat4(.05,-.18,.25,-.42,-.06,.23,.14,.29,.36,-.11,.26,-.33,-.02,-.08,.15,-.12) * f0_3 +
    mat4(-.03,.09,.03,.26,-.09,.21,-.21,.30,.07,.07,-.14,-.07,-.08,-.17,.22,-.56) * f0_4 +
    mat4(.08,.11,-.03,.12,.03,-.14,.21,-.44,.20,-.41,-.01,-.32,.66,-.16,.60,-.21) * f0_5 +
    mat4(.40,-.30,.12,-.57,.37,-.32,.27,-.41,-.04,.10,.05,-.08,-.08,-.07,.14,-.09) * f0_6 +
    mat4(.14,.06,.17,.16,-.08,.07,-.34,.26,-.21,.18,-.06,.20,-.13,.15,-.01,-.02) * f0_7 +
    mat4(.01,-.25,.80,-.37,.41,-.49,.26,-.23,.27,-.28,-.29,-.68,.10,.18,.03,.31) * f0_8 +
    mat4(.12,.20,-.31,.26,-.08,.06,.23,-.31,-.10,.02,.30,-.19,-.18,.21,-.19,.21) * f0_9 +
    mat4(.26,-.33,.01,-.35,.18,-.29,.26,-.55,.22,-.17,.13,-.18,.34,.16,-.18,-.24) * f0_10 +
    mat4(.07,-.31,-.40,-.16,.04,-.20,.26,-.45,.07,-.15,.14,-.26,-.38,.16,-.20,.04) * f0_11 +
    mat4(.04,-.47,.21,-.57,.31,-.42,-.00,-.60,.72,-.43,.35,-.59,.29,-.18,-.00,.02) * f0_12 +
    mat4(.25,-.25,.40,-.41,.28,-.52,.22,-.60,.21,-.55,.02,-.82,.33,-.22,.22,-.37) * f0_13 +
    mat4(.18,-.03,-.12,-.31,.06,-.09,-.02,-.15,.44,-.14,-.08,-.16,-.12,.19,.03,.24) * f0_14 +
    mat4(-.03,.29,-.17,.27,-.07,.10,.22,.36,.13,-.12,.17,-.17,-.05,.06,-.14,.20) * f0_15 + vec4(.05,.12,-.06,.08));
    vec4 f1_6 = relu(
    mat4(-.71,-.63,-.62,.25,.04,.14,.17,-.09,-.26,-.47,-.16,.06,.17,.27,.05,-.23) * f0_0 +
    mat4(.24,.24,.06,.04,.13,.37,.10,-.01,-.24,-.50,-.29,.25,-.28,-.57,-.42,.32) * f0_1 +
    mat4(-.08,-.02,-.25,.01,.10,-.02,.12,-.10,.23,.19,.06,-.08,.15,.25,.08,-.16) * f0_2 +
    mat4(-.41,-.57,.01,.40,.01,.21,.21,-.09,-.76,-.36,.05,.20,-.02,-.46,.06,.12) * f0_3 +
    mat4(.07,.18,.12,-.26,.03,.24,.09,.06,.07,.31,.26,.16,-.65,-.75,-.30,.32) * f0_4 +
    mat4(.04,.05,.11,-.19,-.29,-.98,-.13,.39,.27,-.17,-.34,-.06,-.50,-.57,-.44,.04) * f0_5 +
    mat4(-.65,-.59,-.18,.43,-.32,-.20,-.54,.39,.19,.16,.14,.06,-.71,-.36,.04,.04) * f0_6 +
    mat4(.01,.19,.16,-.18,.26,.29,.08,-.04,.15,.23,-.01,-.18,-.14,.15,.14,.04) * f0_7 +
    mat4(-1.11,-.70,-.48,.64,-.55,-.62,-.28,.38,-.46,-1.20,-.55,.31,.26,.42,.16,-.02) * f0_8 +
    mat4(.13,.10,.08,.10,-.35,-.22,-.03,.37,-.03,-.26,.00,.35,.13,.30,.17,-.08) * f0_9 +
    mat4(-.38,-.95,-.49,.31,-.28,-.52,-.19,.31,-.48,-.35,-.04,.14,-.29,-.36,.14,.36) * f0_10 +
    mat4(.17,.08,-.13,.63,-.51,-.55,-.12,.19,-.35,-.46,-.07,.29,.24,.34,.13,-.35) * f0_11 +
    mat4(-.54,-.99,-.27,.54,-.33,-.35,-.50,.53,-.82,-.79,-.24,.72,.21,.05,.11,-.18) * f0_12 +
    mat4(.33,-.32,.01,.24,-.54,-.37,-.54,.57,-.47,-1.11,-.54,.66,-.33,-.96,.04,.19) * f0_13 +
    mat4(-.35,-.88,-.22,-.10,-.27,-.39,-.19,.16,-1.08,-.60,.05,.34,.23,.13,-.01,.05) * f0_14 +
    mat4(.27,.22,.30,.03,-.14,.22,.14,-.26,-.54,-.26,-.24,.02,.23,.24,-.01,.02) * f0_15 + vec4(-.08,-.05,-.04,-.03));
    vec4 f1_7 = relu(
    mat4(-.30,-.55,-1.30,.24,.10,.28,-.15,-.06,-.32,-.48,-.35,.41,.04,.43,.17,-.12) * f0_0 +
    mat4(-.00,.30,-.08,-.08,-.03,.04,.36,-.02,-.55,-.81,-.30,.28,-.60,.06,-.38,-.10) * f0_1 +
    mat4(.27,-.13,-.15,-.02,.11,.22,.07,-.04,-.04,.41,-.11,-.28,.24,.48,-.32,-.00) * f0_2 +
    mat4(-.59,-.69,-.96,-.15,.05,.35,-.61,-.18,-.51,-.44,-.01,-.43,-.19,-.06,.18,.36) * f0_3 +
    mat4(.17,.16,.01,-.10,.06,.17,.17,.16,.13,.17,.01,.22,-.55,-.56,.04,.43) * f0_4 +
    mat4(.27,.06,-.22,-.16,-.36,-.87,.36,.42,-.14,-.38,-.49,.25,-.21,-.57,.15,.46) * f0_5 +
    mat4(-.28,-.11,-.84,.52,-.50,.37,-1.13,.07,.24,.12,.01,.00,-.61,-.50,-.23,.05) * f0_6 +
    mat4(.09,.43,.16,-.06,.35,.48,.12,-.21,.09,.34,.18,.05,.08,.02,.18,-.00) * f0_7 +
    mat4(-.92,-.98,1.21,.13,-.16,-.40,-1.17,.34,-.39,-.67,.17,.11,.13,.43,-.01,.07) * f0_8 +
    mat4(.10,.11,-.18,.16,-.36,-.29,-.67,.20,-.08,-.14,-.93,.27,.26,.23,.16,-.02) * f0_9 +
    mat4(-.17,-1.31,-.72,.37,-.33,-.62,.77,.45,-.15,-.06,-.24,.06,-.05,-.13,.42,.40) * f0_10 +
    mat4(-.45,-.24,-.58,.34,-.03,-.48,-1.03,.48,-.17,-.30,-.64,.18,-.15,.14,.11,-.39) * f0_11 +
    mat4(-.12,-.86,-.03,.04,-.05,-.04,-.68,.64,-.62,.21,-.91,.49,-.30,.16,.15,.02) * f0_12 +
    mat4(-.46,-1.23,-.08,-.06,-.28,-.74,-.70,.60,-.23,-1.07,-.82,.14,-.58,-.52,-.05,.36) * f0_13 +
    mat4(-.03,-.37,-1.04,.38,-.24,.04,.02,.14,-.37,-.45,.01,.17,.13,.04,-.01,.03) * f0_14 +
    mat4(.14,.30,-.03,-.03,.05,.21,.06,.06,-.50,-.01,-.27,.42,.02,.40,-.41,-.42) * f0_15 + vec4(-.00,.06,.02,-.02));
    vec4 f1_8 = relu(
    mat4(-.51,-.63,-.43,-.37,.08,.19,.12,.18,-.38,-.54,-.46,-.11,-.21,.27,.01,.06) * f0_0 +
    mat4(.06,.09,.16,.10,-.11,.06,.06,.07,-.15,-.71,-.34,-.36,-.14,.27,-.40,-.44) * f0_1 +
    mat4(-.22,.02,-.13,.19,.33,.30,.15,.07,-.00,.20,.21,.20,.18,.23,.17,.32) * f0_2 +
    mat4(-.46,-.66,-.16,-.54,-.16,.27,.29,.17,-.16,-.87,-.38,-.15,.36,-.74,.13,-.51) * f0_3 +
    mat4(-1.45,-.06,.04,.05,.09,.04,.15,.17,-.44,.11,.05,.19,-.76,.10,-.40,-.54) * f0_4 +
    mat4(-.26,.02,.14,.14,-.30,-.78,-.34,-.22,-.31,-.37,-.30,.00,.18,-.32,-.49,-.34) * f0_5 +
    mat4(.16,-.18,-.51,-.33,-.64,-.20,-.60,-1.03,-.07,.23,.13,-.01,-.34,-.15,-.22,-.23) * f0_6 +
    mat4(-.03,.21,.16,.01,-.05,.22,.23,.14,.12,.26,.08,.02,-.06,-.01,.09,.18) * f0_7 +
    mat4(1.34,-.96,-.74,-.40,-.40,-1.26,-.34,-.14,.59,-.71,-.55,-.37,.05,.30,.27,.23) * f0_8 +
    mat4(.09,.11,.25,.15,-.23,-1.38,-.13,.07,.29,-.54,-.09,-.52,.16,.19,.14,.20) * f0_9 +
    mat4(.11,-.69,-.45,-.42,-.06,-.84,-.36,-.42,-.36,-.53,-.29,.01,.27,-.09,-.08,-.14) * f0_10 +
    mat4(.21,-.26,-.07,-.66,-.44,-.14,-.18,-.42,.28,-.40,-.11,.01,.07,-.06,.15,.15) * f0_11 +
    mat4(-.28,-.32,-.54,-.64,.10,-.04,-.48,-.54,-.40,-.63,-.55,-.71,.21,.35,.01,.04) * f0_12 +
    mat4(-.45,-.61,-.21,-.69,.03,-.52,-.57,-.49,-.90,-.77,-.65,-.59,.10,-.42,-.29,-.24) * f0_13 +
    mat4(.53,-.26,-.22,-.15,.06,-.10,-.14,-.01,-.15,-.44,-.17,.08,.14,.24,.15,-.01) * f0_14 +
    mat4(.16,.21,.25,.14,-.00,.11,.07,.11,.29,-.21,-.33,-.27,.16,.38,.13,.01) * f0_15 + vec4(.08,.04,-.07,.09));
    vec4 f1_9 = relu(
    mat4(-.54,.67,-.74,.57,.08,.00,.11,-.23,-.14,.94,-.09,.51,.02,-.02,.03,-.08) * f0_0 +
    mat4(.07,.11,.22,-.29,.13,.12,.09,-.13,-.30,.11,.12,.56,-.04,-.43,-1.13,.61) * f0_1 +
    mat4(-.11,.17,-.74,.19,.11,-.38,.31,-.03,.11,-.13,-.00,-.19,.11,-.17,.32,-.01) * f0_2 +
    mat4(-.35,.45,-.46,.48,.15,.11,.25,-.09,.03,-.22,-.63,.46,-.19,.31,-.35,.17) * f0_3 +
    mat4(.10,-.23,.06,-.09,.12,-.06,.06,-.07,.14,-.40,-.29,-.09,-.13,.99,-.56,.48) * f0_4 +
    mat4(.14,-.02,-.20,.05,-.22,1.35,.07,.32,-.04,.70,-.99,.48,-.28,-.61,-.43,.62) * f0_5 +
    mat4(-.36,.27,-.39,.62,-.29,.33,-.98,.29,.14,.45,-.05,.10,-.33,.90,-.73,.34) * f0_6 +
    mat4(-.03,-.31,.27,-.13,.15,-1.05,.29,-.13,.15,-.47,.30,-.05,-.01,-.25,-.13,.07) * f0_7 +
    mat4(-.46,1.06,.04,.64,-.12,1.14,-.81,.36,-.20,1.46,-.14,.89,.07,-.07,.02,-.09) * f0_8 +
    mat4(.08,.18,.21,-.21,-.24,-.11,-.16,.49,-.02,.43,-1.08,.23,.22,-.61,.24,-.06) * f0_9 +
    mat4(-.26,1.00,-.14,.39,-.22,.93,.16,.41,-.32,.02,.02,.32,-.02,1.05,.42,.32) * f0_10 +
    mat4(-.08,.84,-.33,.37,.02,-.02,-.10,.48,-.12,.36,-.21,.39,.17,-.27,-.04,-.24) * f0_11 +
    mat4(-.27,1.13,-.49,.77,-.27,.80,-.34,.44,-.31,-.49,-.58,.56,.18,-.02,-.64,.17) * f0_12 +
    mat4(.03,-.27,-.63,.37,-.50,-1.14,-.89,.62,-.45,1.45,-.56,1.00,-.14,.88,.12,.43) * f0_13 +
    mat4(-.22,.22,-1.19,.52,-.35,.50,-.03,.27,-.35,.43,-.57,.38,.02,.18,.02,-.19) * f0_14 +
    mat4(.14,.12,-.07,-.19,-.02,-.17,.14,-.04,-.23,-.47,-.49,.29,-.09,-.40,-.34,-.11) * f0_15 + vec4(.06,.04,.03,.08));
    vec4 f1_10 = relu(
    mat4(.39,.00,-.48,-.64,.08,.21,.33,.23,.37,-.37,-.70,-.15,.13,.21,.27,.09) * f0_0 +
    mat4(-.07,.41,.33,.16,-.08,.36,.19,.16,.23,-.77,-.58,-.48,.18,-.87,-.38,-.74) * f0_1 +
    mat4(-.08,-.16,-.29,-.19,-.38,-.19,.06,.13,.02,.08,.23,.04,-.12,.20,.20,.26) * f0_2 +
    mat4(.20,-.72,-.44,-.51,-.05,-.09,.17,.06,.38,-.16,-.28,-.06,.06,-.23,-.25,-.14) * f0_3 +
    mat4(-.24,-.26,.02,.23,-.12,.30,.28,.09,-.03,-.54,.15,.20,.54,-.34,-.91,-.02) * f0_4 +
    mat4(-.28,-.23,-.08,.12,.08,-.34,-.98,-.43,.27,-1.58,-.55,-1.21,.52,.30,-.66,-.47) * f0_5 +
    mat4(.55,-1.14,-.41,-.05,.47,.25,-.01,-.50,.08,.24,.05,.00,.43,-.47,-.51,.23) * f0_6 +
    mat4(.05,-.14,.14,.14,-.14,-.16,.20,-.05,-.03,.01,.38,.06,.04,-.08,.12,-.05) * f0_7 +
    mat4(.49,-1.06,-.80,.18,.12,-1.46,-.63,-.62,-.20,-.51,-.82,-.17,-.14,.43,.20,.11) * f0_8 +
    mat4(-.11,.03,.07,-.05,.21,-.45,-.28,-.15,.45,.06,-.12,-.13,-.32,.34,.15,.04) * f0_9 +
    mat4(-.11,.03,-.83,-.39,.46,-.26,-.78,-.50,.21,.38,.16,-.17,.14,-1.15,-.46,-.04) * f0_10 +
    mat4(.09,-.64,-.20,-.82,.13,-1.35,-.64,-.34,.26,-.25,-.26,-.29,-.50,.45,.28,-.08) * f0_11 +
    mat4(-.04,-.18,-1.06,-.35,.47,-.43,-.24,-.10,.56,-1.13,-.30,-.44,.27,.16,-.23,.35) * f0_12 +
    mat4(.39,-.29,-.81,-.14,.32,-2.24,-.46,-.86,.21,-.45,-.91,-.45,.37,-.50,-.48,-.61) * f0_13 +
    mat4(.06,-.20,-.61,-.14,.04,-.63,-.07,-.30,.45,-.12,-.62,-.64,.04,.06,.23,.07) * f0_14 +
    mat4(-.15,-.16,.16,.16,-.14,.19,.13,.17,.11,-.51,-.26,.03,.01,-.23,.38,-.02) * f0_15 + vec4(.11,-.06,.13,-.02));
    vec4 f1_11 = relu(
    mat4(-.30,-.34,-.16,.55,.12,.13,.12,-.13,-.19,-.01,.11,.32,.19,.15,-.03,-.20) * f0_0 +
    mat4(.27,.10,-.03,-.22,.11,.09,.12,-.06,-.22,-.12,.08,.19,-.09,-.45,-.20,.31) * f0_1 +
    mat4(.07,.12,.08,-.07,.09,-.01,.08,-.06,.33,.09,.06,-.03,.21,.26,-.12,.04) * f0_2 +
    mat4(-.27,-.16,-.37,.23,.14,.08,-.26,-.12,-.42,.19,.24,.09,-.14,-.22,-.53,.11) * f0_3 +
    mat4(-.03,.03,.07,-.17,.11,.08,-.02,.04,.20,.35,-.14,.14,-.33,-.24,-.57,.47) * f0_4 +
    mat4(.13,-.03,-.04,-.02,-.68,-.16,-.29,.33,-.55,-.79,-.46,-.16,-.22,-.24,-.07,-.02) * f0_5 +
    mat4(-.14,-.20,.47,.43,.13,-.91,.31,.45,.06,.13,-.18,.11,-.30,-.31,-.64,.22) * f0_6 +
    mat4(.24,-.06,.03,.04,.28,.08,.38,.02,.31,.20,.00,.01,.04,.07,-.05,.05) * f0_7 +
    mat4(-.26,-.31,.15,.28,-.12,-.45,.41,.69,-.25,-.19,-.32,.53,.33,.27,-.09,-.02) * f0_8 +
    mat4(.16,.15,-.02,-.18,-.05,-.03,-.37,.20,-.15,-.12,.22,.29,.16,.15,.06,-.02) * f0_9 +
    mat4(-.40,-.12,.20,.29,-.60,-.26,.05,.32,.24,.11,.21,.26,-.28,-.28,.10,.32) * f0_10 +
    mat4(-.04,-.42,.32,.18,-.43,-.22,-.55,.16,-.24,-.04,-.39,.28,.08,.19,.05,-.31) * f0_11 +
    mat4(-.31,-.38,.17,.29,-.01,-.20,-.32,.70,.20,-.46,-.52,.80,.01,-.13,.09,.12) * f0_12 +
    mat4(-.77,-.13,-.49,.09,-.15,-.60,-.28,.45,-.57,-.19,-.31,.61,-.31,-.11,.01,.21) * f0_13 +
    mat4(.07,-.27,-.56,-.08,.10,.08,.30,.43,-.29,-.05,-.03,.13,.19,.21,.19,-.09) * f0_14 +
    mat4(.09,.12,-.19,-.01,.23,.10,-.18,-.01,.09,-.14,.16,-.07,.34,.01,.05,-.21) * f0_15 + vec4(.00,-.01,-.04,.08));
    vec4 f1_12 = relu(
    mat4(.58,-.18,.44,.03,.45,.22,-.22,.07,.37,-.47,.60,.13,-.16,.01,-.30,-.13) * f0_0 +
    mat4(-.52,-.03,.22,-.07,-.20,.15,-.27,-.16,-.38,-.29,-.20,.24,-.07,-.77,.41,.31) * f0_1 +
    mat4(-.08,.15,.17,-.05,-.04,.13,-.05,-.11,-.25,.11,-.33,.05,-.36,.32,-.21,-.17) * f0_2 +
    mat4(.27,-.49,-.42,.06,-.22,.08,.32,-.06,-.68,-.26,.09,.19,-.68,-.49,.09,-.08) * f0_3 +
    mat4(.11,.24,.21,-.07,.18,.11,-.11,.01,.05,-.26,.39,-.24,-.32,-.36,-.12,.20) * f0_4 +
    mat4(-.28,.17,-.09,-.21,.64,-.24,-.39,.07,-1.26,-1.05,.02,.28,-.13,-.33,.43,.38) * f0_5 +
    mat4(.87,.06,.45,.50,-.37,-.67,-.52,.20,.34,.19,-.14,-.05,.17,-.33,-.03,.22) * f0_6 +
    mat4(.04,.08,.12,.06,.12,.19,.12,.10,-.14,.04,.07,-.05,-.38,-.10,.19,.07) * f0_7 +
    mat4(.08,-.89,-1.23,.19,-.01,-.73,-.50,.38,.11,.42,.49,-.12,-.17,.03,-.07,-.02) * f0_8 +
    mat4(-.80,.10,-.14,.05,-.85,-.50,-1.84,.34,-1.04,-.10,-.38,.40,.71,.07,-.33,-.18) * f0_9 +
    mat4(-1.02,-.25,-.42,-.26,-.20,-.24,-.07,.49,-.31,-.16,.36,.14,-.11,.06,-.04,.28) * f0_10 +
    mat4(-1.71,-.85,.05,.01,-.33,-.39,.35,.26,-.32,-.13,-.13,.32,.16,-.07,.04,-.46) * f0_11 +
    mat4(-.73,-.15,-.56,.16,-.70,.08,-.28,.40,-.24,-.74,.22,.79,-.24,-.66,-.59,.13) * f0_12 +
    mat4(-.28,-.54,.34,.03,-.03,-.69,-.33,.32,-.17,-.09,-.60,-.14,.08,-.45,.14,.02) * f0_13 +
    mat4(.52,-.37,.11,-.01,.01,-.06,-.21,.04,.68,-.54,-.91,.30,.19,.06,-.04,-.16) * f0_14 +
    mat4(.02,-.01,.19,-.01,.22,.01,-.09,.02,-.64,-.15,.22,.24,-.18,-.11,-.33,-.02) * f0_15 + vec4(.01,.03,.04,.02));
    vec4 f1_13 = relu(
    mat4(-.83,-.47,.66,-.42,.02,.09,-.09,.09,.03,-.58,.63,-.45,.09,.09,-.02,.13) * f0_0 +
    mat4(.06,.10,-.13,.37,.07,.17,.02,.03,-.25,-.34,.34,-.26,.24,.02,.01,-.60) * f0_1 +
    mat4(-.05,-.23,-.09,-.44,.21,.10,-.19,.14,.12,.21,-.18,.20,.31,.12,-.13,.14) * f0_2 +
    mat4(-.72,-.40,.36,-.15,.26,.35,-.01,-.05,-.17,-.43,.47,-.52,-.97,-.39,.28,.01) * f0_3 +
    mat4(.09,-.03,-.16,.13,-.03,.04,-.13,.16,.21,.17,-.02,.17,-.63,-.46,.43,-.28) * f0_4 +
    mat4(.10,.03,-.26,.03,-.60,-.35,.08,-.55,.11,-.33,.33,-.40,-.61,-.52,.12,-.53) * f0_5 +
    mat4(-.34,-.51,.53,-.33,-.16,-.01,-.18,-.52,.16,.14,.02,-.09,-.82,-.33,.36,-.17) * f0_6 +
    mat4(.07,.12,-.19,.25,.49,.15,.10,.13,.17,.08,-.14,.23,-.02,-.07,-.07,.17) * f0_7 +
    mat4(-.98,-.58,.46,-.50,-.04,-.27,.24,-.37,-.67,-.61,.58,-.82,.24,.25,.02,.21) * f0_8 +
    mat4(.18,.12,.13,.13,-.35,-.31,.05,-.10,-.15,-.32,.35,-.08,.29,.24,-.21,.21) * f0_9 +
    mat4(-.56,-.39,.41,-.92,-.33,-.17,.69,-.31,-.49,-.38,.28,-.22,.08,.12,.28,.08) * f0_10 +
    mat4(.13,-.09,.19,-.18,-.20,-.10,.53,-.31,-.18,-.29,.41,-.48,.24,.19,-.36,.17) * f0_11 +
    mat4(-.24,-.27,.49,-.72,-.08,-.16,.64,-.62,-.39,-.42,.63,-.81,.26,.27,.46,.10) * f0_12 +
    mat4(.13,.14,-.09,-.04,-.46,-.47,.54,-.51,-.75,-.44,.24,-.57,-.18,-.70,.30,-.52) * f0_13 +
    mat4(-.19,-.27,.26,-.56,-.26,-.41,.16,-.59,-.35,-.23,.69,-.21,.13,-.12,-.07,.23) * f0_14 +
    mat4(.08,.09,-.00,.33,.19,.06,.13,.18,-.40,-.22,-.13,-.34,-.03,-.06,-.25,.06) * f0_15 + vec4(-.07,.05,-.05,-.15));
    vec4 f1_14 = relu(
    mat4(-.07,.19,-.82,.15,.12,-.14,.18,-.18,-.73,.52,-.51,-.76,-.06,-.13,.02,-.45) * f0_0 +
    mat4(-.03,.03,.24,-.08,.00,.13,.00,-.10,-.33,.10,-.87,-.10,-.69,.38,-1.13,-.28) * f0_1 +
    mat4(.09,.02,.04,.08,.20,-.22,.43,-.04,.14,-.06,.35,-.09,.28,-.15,.32,-.40) * f0_2 +
    mat4(-.25,.27,-.65,-.22,.13,-.05,.20,.01,-.11,.41,-.57,.11,-.23,.14,-.60,-.45) * f0_3 +
    mat4(.07,-.09,.15,.17,-.05,.10,-.06,-.13,.11,.18,.49,.12,-.25,.44,-.64,-.61) * f0_4 +
    mat4(.14,-.21,.02,-.14,-.07,.37,-.74,-.37,.27,.21,-.41,-.13,-.32,.78,-.81,-.08) * f0_5 +
    mat4(-.26,.49,-.68,.02,-.43,-.33,-.28,.71,.18,.15,.30,-.23,.05,.31,-.67,.15) * f0_6 +
    mat4(.12,-.33,.29,-.07,.04,-.28,.51,-.15,.01,-.04,.24,-.08,.07,-.04,.23,-.05) * f0_7 +
    mat4(-.55,.69,-1.03,-.63,-.69,.59,-.41,.40,-.27,.60,-1.11,-.53,-.02,.01,.39,-.04) * f0_8 +
    mat4(.06,.06,.06,.10,-.76,.27,-.59,.37,-.15,.22,-.41,-.22,.04,-.34,.26,.36) * f0_9 +
    mat4(.10,.38,-.89,.39,-.11,.48,-.94,-.04,-.36,.25,-.09,.22,.29,.38,-.34,-.03) * f0_10 +
    mat4(-.62,.38,-.58,.36,-.38,.36,-.27,-.55,-.10,.38,-.43,-.51,.08,-.17,.26,.16) * f0_11 +
    mat4(-.36,.60,-.57,.67,-.07,.43,-.62,-.17,-.55,.78,-.45,-.06,-.23,.27,.02,-.20) * f0_12 +
    mat4(-.55,-.16,-.49,.23,-.25,-.29,-.92,-.12,.01,.45,-1.08,-.26,-.47,.37,-.86,-.12) * f0_13 +
    mat4(-.11,.27,-.79,-.16,-.19,.32,-.59,.17,-.53,.24,-.18,-.11,.11,-.00,-.05,-.01) * f0_14 +
    mat4(.26,-.05,.35,.12,-.07,-.06,.12,-.12,-.31,-.29,-.31,-.01,-.34,.04,.08,-.10) * f0_15 + vec4(.02,-.13,.13,.03));
    vec4 f1_15 = relu(
    mat4(.64,.04,.24,-.07,-.18,-.23,-.08,.21,.28,.62,.35,-.38,-.12,.08,-.22,-.15) * f0_0 +
    mat4(.04,-.03,-.04,.13,-.09,-.05,.01,.13,.31,.27,.38,-.12,.19,.06,.41,.49) * f0_1 +
    mat4(-.13,-.19,.29,-.33,-.17,-.46,-.19,-.18,-.05,-.15,-.14,-.30,-.04,-.27,-.14,-.09) * f0_2 +
    mat4(.29,.28,.42,.48,-.15,-.32,-.14,.12,.22,.35,.54,.27,-.03,.24,.17,.60) * f0_3 +
    mat4(-.09,-.05,-.16,-.00,.09,-.01,-.12,-.10,-.10,-.07,-.25,-.76,.58,.33,.54,-.09) * f0_4 +
    mat4(-.05,.01,-.08,.00,.30,-.19,.34,-1.26,.02,.09,.36,-.76,.07,-.23,-.11,.28) * f0_5 +
    mat4(.32,.56,.66,-.06,.06,.35,.83,.24,.14,.01,.15,-.63,.34,.27,.38,-.06) * f0_6 +
    mat4(-.03,-.17,-.13,.21,.06,.18,-.07,-.31,-.05,-.16,-.26,-.01,.12,.05,.05,-.37) * f0_7 +
    mat4(.23,.13,.18,.17,.01,.10,.30,-.73,.40,.05,.49,-.14,-.18,.14,-.26,-.11) * f0_8 +
    mat4(.08,.04,-.12,-.20,.13,.45,.39,-1.00,.23,.42,.19,-.20,-.01,.09,-.11,.12) * f0_9 +
    mat4(.32,-.08,.65,.78,.53,.37,.58,.38,.26,.30,.34,.37,.33,.28,.29,-.58) * f0_10 +
    mat4(.05,.05,.48,.45,.48,.40,.66,-.13,.21,.14,.39,-.59,-.39,-.34,.01,-.29) * f0_11 +
    mat4(.53,-.04,.76,.17,.78,.66,.75,-.12,.43,1.08,.85,.27,.35,.22,.27,.30) * f0_12 +
    mat4(.30,.12,.29,-.40,.22,.23,.69,-.44,.67,-.30,.79,-1.04,.30,.12,.32,-.76) * f0_13 +
    mat4(.28,.12,.48,-.37,.21,.21,.23,.11,.19,.66,.02,.27,.00,-.04,-.11,.03) * f0_14 +
    mat4(-.17,-.06,-.10,-.15,-.11,.12,.07,.30,.04,.17,-.05,.49,-.45,-.11,-.31,.22) * f0_15 + vec4(-.09,-.00,-.02,-.17));
    
    float out0 = dot(f1_0, vec4(-.39,-.11,-.06,.10)) + dot(f1_1, vec4(.09,.07,.06,.02)) + dot(f1_2, vec4(-.23,.03,-.15,.05)) + dot(f1_3, vec4(-.02,.15,.06,-.41)) + dot(f1_4, vec4(.02,.24,-.07,.59)) + dot(f1_5, vec4(-.26,.01,-.42,-.04)) + dot(f1_6, vec4(.04,.08,.12,.12)) + dot(f1_7, vec4(.40,-.20,.74,-.20)) + dot(f1_8, vec4(-.53,-.17,-.10,-.10)) + dot(f1_9, vec4(-.00,.21,.52,.02)) + dot(f1_10, vec4(-.59,.48,.13,.32)) + dot(f1_11, vec4(-.18,.15,.18,-.31)) + dot(f1_12, vec4(.28,.77,-1.26,-.45)) + dot(f1_13, vec4(.14,-.08,.00,-.02)) + dot(f1_14, vec4(.65,.10,-.18,-.19)) + dot(f1_15, vec4(.07,.16,-.14,1.23)) + .10;
    float out1 = dot(f1_0, vec4(-.24,.03,-.25,-.15)) + dot(f1_1, vec4(-.02,-.11,.23,.02)) + dot(f1_2, vec4(-1.17,.06,-.04,-.04)) + dot(f1_3, vec4(.02,-.24,.06,-.59)) + dot(f1_4, vec4(.06,.25,.04,.36)) + dot(f1_5, vec4(-.20,.08,-.43,.04)) + dot(f1_6, vec4(-.09,-.13,-.02,-.15)) + dot(f1_7, vec4(.39,.07,1.43,.12)) + dot(f1_8, vec4(-.58,-.05,.16,.11)) + dot(f1_9, vec4(.07,.12,.69,.06)) + dot(f1_10, vec4(-.50,-.41,-.13,.28)) + dot(f1_11, vec4(-.48,.15,.69,.09)) + dot(f1_12, vec4(.56,.32,-1.21,-.30)) + dot(f1_13, vec4(-.07,.03,-.11,-.08)) + dot(f1_14, vec4(.23,-.01,.07,-1.00)) + dot(f1_15, vec4(-.00,-.33,.14,1.55)) + .14;
    float out2 = dot(f1_0, vec4(-.25,.06,-.02,.02)) + dot(f1_1, vec4(.05,-.23,.16,-.01)) + dot(f1_2, vec4(-1.20,.15,.06,-.05)) + dot(f1_3, vec4(.13,-.21,.09,-.40)) + dot(f1_4, vec4(-.08,.16,.00,.36)) + dot(f1_5, vec4(-.27,-.02,-.35,-.07)) + dot(f1_6, vec4(-.04,-.06,.16,-.21)) + dot(f1_7, vec4(.34,-.07,1.37,.14)) + dot(f1_8, vec4(-.58,.05,.01,.07)) + dot(f1_9, vec4(-.02,.05,.59,-.03)) + dot(f1_10, vec4(-.42,-.49,-.28,.24)) + dot(f1_11, vec4(-.32,.04,.67,.16)) + dot(f1_12, vec4(.54,.16,-1.08,-.23)) + dot(f1_13, vec4(-.03,.03,.00,.04)) + dot(f1_14, vec4(.12,-.02,-.04,-1.01)) + dot(f1_15, vec4(-.10,-.50,.11,1.40)) + -.03;
    float out3 = dot(f1_0, vec4(-.92,1.18,.92,.73)) + dot(f1_1, vec4(.80,-.94,2.02,.49)) + dot(f1_2, vec4(-1.07,.73,-.85,.91)) + dot(f1_3, vec4(-.66,-.71,.41,-.93)) + dot(f1_4, vec4(1.13,2.85,.64,.01)) + dot(f1_5, vec4(-.60,.65,-.76,.70)) + dot(f1_6, vec4(.94,1.03,.72,-1.05)) + dot(f1_7, vec4(1.99,.86,-1.93,-.92)) + dot(f1_8, vec4(.16,1.99,.75,1.15)) + dot(f1_9, vec4(.54,-2.09,1.70,-.51)) + dot(f1_10, vec4(-1.14,.18,1.62,1.81)) + dot(f1_11, vec4(.77,.68,.83,-1.03)) + dot(f1_12, vec4(3.35,1.46,-1.26,-.86)) + dot(f1_13, vec4(1.34,.90,-.96,.90)) + dot(f1_14, vec4(1.15,-.99,2.48,-.99)) + dot(f1_15, vec4(-.92,-.97,-1.08,1.42)) + .05;
    return vec4(out0, out1, out2, out3);
}
